0 1.296333136224757e-6
1 1.2833634091076585e-6
2 1.270658689881117e-6
3 1.2582209411427491e-6
4 1.2460520625573502e-6
5 1.2341538920109979e-6
6 1.2225282067497224e-6
7 1.211176724501722e-6
8 1.2001011045820958e-6
9 1.189302948979182e-6
10 1.178783803421557e-6
11 1.1685451584248758e-6
12 1.1585884503177045e-6
13 1.1489150622455923e-6
14 1.1395263251526389e-6
15 1.1304235187398644e-6
16 1.121607872399726e-6
17 1.113080566126145e-6
18 1.1048427313994814e-6
19 1.0968954520458766e-6
20 1.0892397650704524e-6
21 1.081876661463875e-6
22 1.074807086981817e-6
23 1.0680319428968809e-6
24 1.0615520867225803e-6
25 1.0553683329089898e-6
26 1.049481453509716e-6
27 1.0438921788198399e-6
28 1.038601197984533e-6
29 1.0336091595780481e-6
30 1.0289166721528186e-6
31 1.0245243047584153e-6
32 1.0204325874301267e-6
33 1.0166420116469542e-6
34 1.0131530307588263e-6
35 1.009966060382844e-6
36 1.0070814787684103e-6
37 1.0044996271310753e-6
38 1.0022208099549828e-6
39 1.0002452952637894e-6
40 9.985733148599468e-7
41 9.972050645322712e-7
42 9.96140704231704e-7
43 9.953803582152064e-7
44 9.94924115157735e-7
45 9.947720282322494e-7
46 9.94924115157735e-7
47 9.953803582152064e-7
48 9.96140704231704e-7
49 9.972050645322712e-7
50 9.985733148599468e-7
51 1.0002452952637894e-6
52 1.0022208099549828e-6
53 1.0044996271310753e-6
54 1.0070814787684103e-6
55 1.009966060382844e-6
56 1.0131530307588263e-6
57 1.0166420116469542e-6
58 1.0204325874301267e-6
59 1.0245243047584153e-6
60 1.0289166721528186e-6
61 1.0336091595780481e-6
62 1.038601197984533e-6
63 1.0438921788198399e-6
64 1.049481453509716e-6
65 1.0553683329089898e-6
66 1.0615520867225803e-6
67 1.0680319428968809e-6
68 1.074807086981817e-6
69 1.081876661463875e-6
70 1.0892397650704524e-6
71 1.0968954520458766e-6
72 1.1048427313994814e-6
73 1.113080566126145e-6
74 1.121607872399726e-6
75 1.1304235187398644e-6
76 1.1395263251526389e-6
77 1.1489150622455923e-6
78 1.1585884503177045e-6
79 1.1685451584248758e-6
80 1.178783803421557e-6
81 1.189302948979182e-6
82 1.2001011045820958e-6
83 1.211176724501722e-6
84 1.2225282067497224e-6
85 1.2341538920109979e-6
86 1.2460520625573502e-6
87 1.2582209411427491e-6
88 1.270658689881117e-6
89 1.2833634091076585e-6
90 1.296333136224757e-6
91 1.3095658445335561e-6
92 1.323059442052354e-6
93 1.3368117703230323e-6
94 1.350820603206756e-6
95 1.365083645670277e-6
96 1.3795985325641975e-6
97 1.394362827394628e-6
98 1.4093740210897312e-6
99 1.4246295307626986e-6
100 1.440126698472779e-6
101 1.455862789986025e-6
102 1.4718349935375276e-6
103 1.4880404185968966e-6
104 1.5044760946389244e-6
105 1.5211389699213187e-6
106 1.5380259102715506e-6
107 1.5551336978848814e-6
108 1.5724590301357144e-6
109 1.5899985184044999e-6
110 1.607748686922465e-6
111 1.62570597163653e-6
112 1.6438667190968463e-6
113 1.6622271853694264e-6
114 1.6807835349764495e-6
115 1.699531839866854e-6
116 1.7184680784199382e-6
117 1.7375881344846867e-6
118 1.7568877964576998e-6
119 1.7763627564025688e-6
120 1.7960086092136707e-6
121 1.8158208518273767e-6
122 1.8357948824837404e-6
123 1.8559260000417767e-6
124 1.8762094033514946e-6
125 1.8966401906859045e-6
126 1.9172133592362408e-6
127 1.9379238046736958e-6
128 1.9587663207810033e-6
129 1.97973559915722e-6
130 2.0008262289990807e-6
131 2.0220326969623534e-6
132 2.043349387106586e-6
133 2.0647705809266868e-6
134 2.086290457474761e-6
135 2.1079030935756235e-6
136 2.129602464139401e-6
137 2.1513824425746194e-6
138 2.1732368013051248e-6
139 2.1951592123941876e-6
140 2.217143248279061e-6
141 2.2391823826192238e-6
142 2.261269991261496e-6
143 2.283399353325094e-6
144 2.3055636524096906e-6
145 1.0e-20
146 1.0e-20
147 1.0e-20
148 1.0e-20
149 1.0e-20
150 1.0e-20
151 1.0e-20
152 1.0e-20
153 1.0e-20
154 1.0e-20
155 1.0e-20
156 1.0e-20
157 1.0e-20
158 1.0e-20
159 1.0e-20
160 1.0e-20
161 1.0e-20
162 1.0e-20
163 1.0e-20
164 1.0e-20
165 1.0e-20
166 1.0e-20
167 1.0e-20
168 1.0e-20
169 1.0e-20
170 1.0e-20
171 1.0e-20
172 1.0e-20
173 1.0e-20
174 1.0e-20
175 1.0e-20
176 1.0e-20
177 1.0e-20
178 1.0e-20
179 1.0e-20
180 1.0e-20
181 1.0e-20
182 1.0e-20
183 1.0e-20
184 1.0e-20
185 1.0e-20
186 1.0e-20
187 1.0e-20
188 1.0e-20
189 1.0e-20
190 1.0e-20
191 1.0e-20
192 1.0e-20
193 1.0e-20
194 1.0e-20
195 1.0e-20
196 1.0e-20
197 1.0e-20
198 1.0e-20
199 1.0e-20
200 1.0e-20
201 1.0e-20
202 1.0e-20
203 1.0e-20
204 1.0e-20
205 1.0e-20
206 1.0e-20
207 1.0e-20
208 1.0e-20
209 1.0e-20
210 1.0e-20
211 1.0e-20
212 1.0e-20
213 1.0e-20
214 1.0e-20
215 1.0e-20
216 1.0e-20
217 1.0e-20
218 1.0e-20
219 1.0e-20
220 1.0e-20
221 1.0e-20
222 1.0e-20
223 1.0e-20
224 1.0e-20
225 1.0e-20
226 1.0e-20
227 1.0e-20
228 1.0e-20
229 1.0e-20
230 1.0e-20
231 1.0e-20
232 1.0e-20
233 1.0e-20
234 1.0e-20
235 1.0e-20
236 1.0e-20
237 1.0e-20
238 1.0e-20
239 1.0e-20
240 1.0e-20
241 1.0e-20
242 1.0e-20
243 1.0e-20
244 1.0e-20
245 1.0e-20
246 1.0e-20
247 1.0e-20
248 1.0e-20
249 1.0e-20
250 1.0e-20
251 1.0e-20
252 1.0e-20
253 1.0e-20
254 1.0e-20
255 1.0e-20
256 1.0e-20
257 1.0e-20
258 1.0e-20
259 1.0e-20
260 1.0e-20
261 1.0e-20
262 1.0e-20
263 1.0e-20
264 1.0e-20
265 1.0e-20
266 1.0e-20
267 1.0e-20
268 1.0e-20
269 1.0e-20
270 1.0e-20
271 1.0e-20
272 1.0e-20
273 1.0e-20
274 1.0e-20
275 1.0e-20
276 1.0e-20
277 1.0e-20
278 1.0e-20
279 1.0e-20
280 1.0e-20
281 1.0e-20
282 1.0e-20
283 1.0e-20
284 1.0e-20
285 1.0e-20
286 1.0e-20
287 1.0e-20
288 1.0e-20
289 1.0e-20
290 1.0e-20
291 1.0e-20
292 1.0e-20
293 1.0e-20
294 1.0e-20
295 1.0e-20
296 1.0e-20
297 1.0e-20
298 1.0e-20
299 1.0e-20
300 1.0e-20
301 1.0e-20
302 1.0e-20
303 1.0e-20
304 1.0e-20
305 1.0e-20
306 2.3055636524096906e-6
307 2.283399353325094e-6
308 2.261269991261496e-6
309 2.2391823826192238e-6
310 2.217143248279061e-6
311 2.1951592123941876e-6
312 2.1732368013051248e-6
313 2.1513824425746194e-6
314 2.129602464139401e-6
315 2.1079030935756235e-6
316 2.086290457474761e-6
317 2.0647705809266868e-6
318 2.043349387106586e-6
319 2.0220326969623534e-6
320 2.0008262289990807e-6
321 1.97973559915722e-6
322 1.9587663207810033e-6
323 1.9379238046736958e-6
324 1.9172133592362408e-6
325 1.8966401906859045e-6
326 1.8762094033514946e-6
327 1.8559260000417767e-6
328 1.8357948824837404e-6
329 1.8158208518273767e-6
330 1.7960086092136707e-6
331 1.7763627564025688e-6
332 1.7568877964576998e-6
333 1.7375881344846867e-6
334 1.7184680784199382e-6
335 1.699531839866854e-6
336 1.6807835349764495e-6
337 1.6622271853694264e-6
338 1.6438667190968463e-6
339 1.62570597163653e-6
340 1.607748686922465e-6
341 1.5899985184044999e-6
342 1.5724590301357144e-6
343 1.5551336978848814e-6
344 1.5380259102715506e-6
345 1.5211389699213187e-6
346 1.5044760946389244e-6
347 1.4880404185968966e-6
348 1.4718349935375276e-6
349 1.455862789986025e-6
350 1.440126698472779e-6
351 1.4246295307626986e-6
352 1.4093740210897312e-6
353 1.394362827394628e-6
354 1.3795985325641975e-6
355 1.365083645670277e-6
356 1.350820603206756e-6
357 1.3368117703230323e-6
358 1.323059442052354e-6
359 1.3095658445335561e-6
360 1.296333136224757e-6
