0 7.980555450765934
1 7.808620869797859
2 7.78336305018965
3 7.932974961503554
4 7.809708663685873
5 7.989175646807343
6 7.792814460746544
7 7.900298307180354
8 7.8344136066900365
9 7.756631119756486
10 7.7860849674342
11 7.924974252416868
12 8.040483353116295
13 7.913009392718113
14 7.876385054115176
15 7.887975561861417
16 8.01864457907821
17 7.807686869548946
18 7.924733900154864
19 7.858737494055746
20 7.820874237426036
21 7.709271801231023
22 7.774137594999667
23 7.91800837380275
24 7.812872883608864
25 7.780901128094345
26 7.848441740995359
27 7.995032463202911
28 7.66741137907214
29 7.893367351678163
30 7.856029840101601
31 7.799089894300076
32 7.874756726029099
33 7.795736514066582
34 7.671459174662831
35 7.889093005308382
36 7.793315840385545
37 7.89295988664008
38 7.872067451683587
39 7.894713054097667
40 7.838836596950476
41 7.846322451903239
42 7.733102117117706
43 7.753096360476313
44 7.804378295308522
45 7.7149391258284705
46 7.858488208981483
47 7.859198986240781
48 7.903021866664257
49 7.847462338155573
50 7.953675984345321
51 7.867458472289705
52 7.739346142950311
53 7.851695301646571
54 7.900040068977931
55 7.774131113701509
56 7.750680788732102
57 7.741755870912077
58 7.853148873599863
59 7.728390222561157
60 7.82107490413448
61 7.9894643375307774
62 7.782505443961684
63 7.81887271665531
64 8.048931801079474
65 7.828288495497946
66 7.968935585592403
67 7.789488810536441
68 7.900711053035696
69 7.903880242522513
70 7.785372336781194
71 7.831213703226605
72 8.069051959891834
73 7.810539748717183
74 7.663938343715403
75 7.742408056370598
76 7.859508368423698
77 7.734870516403358
78 7.729809169473452
79 7.648350577766975
80 7.813824196740597
81 7.819722944413887
82 7.894413958335275
83 7.852908524998127
84 7.840367901325118
85 7.8001590126259
86 7.8433424622737915
87 7.784436126989483
88 7.784310109532862
89 7.888223358296915
90 7.796858076556625
91 7.79831837669783
92 7.773089418715461
93 7.994566040888739
94 7.999042513767107
95 7.8868735469074105
96 7.794802629026466
97 7.725807754159529
98 7.777552454207528
99 7.714691778629173
100 7.748539708015789
101 7.793934205330617
102 7.8276376635112515
103 7.664347594156827
104 7.758486445140782
105 7.819101474293885
106 7.796653205407366
107 7.808240808597641
108 7.894696325422631
109 7.802034521116096
110 7.784958052777025
111 7.905979582727066
112 7.966832667081177
113 7.825175437389113
114 7.785348952531025
115 7.8701733098636195
116 7.804820421168894
117 7.666604347080328
118 7.659086463638309
119 7.731155366843003
120 7.653481729880202
