0 1.7016484614513285
1 1.5842758018079879
2 1.3421450934893242
3 1.3057703984172442
4 1.0937402714779225
5 1.0588350453287299
6 0.7903776004839554
7 0.6974599237926465
8 0.7484828645263414
9 0.8338588706660194
10 0.8296602667310715
11 0.7810644964764937
12 0.8439069863941385
13 0.7326641998801106
14 0.6960321267982177
15 0.7013974363095434
16 0.4743686134539008
17 0.6461735226066837
18 0.6171808029331741
19 0.6480818426837551
20 0.5672118048416007
21 0.5306796155448268
22 0.5829114533642623
23 0.5539055233115002
24 0.46164534302635196
25 0.5176627854207563
26 0.4581648698551415
27 0.6173346423958229
28 0.471932023675743
29 0.5140695905975003
30 0.4958750336214767
31 0.4566144634693425
32 0.5254134069321018
33 0.4707174625636528
34 0.5121112907126223
35 0.49640228267369424
36 0.38892009784390774
37 0.4712405787915504
38 0.46073665591774493
39 0.4832309364210504
40 0.4165969021400319
41 0.45958122811785485
42 0.4612552365283022
43 0.4136858944102795
44 0.4038157911531657
45 0.17158016719156094
46 0.3224906821011729
47 0.38001979454825974
48 0.47523510467098384
49 0.40896835294498396
50 0.4111747073869287
51 0.43031605744744006
52 0.3622295687840317
53 0.3640568782851355
54 0.33562135111175756
55 0.3495779104541675
56 0.2830342246535602
57 0.3833558096237666
58 0.33742782389844544
59 0.3438004159550298
60 0.3599525044648915
61 0.32324754297856595
62 0.2829521109427588
63 0.31932545042696825
64 0.48711145797339533
65 0.45143837919474855
66 0.3246170882402609
67 0.3464449198845832
68 0.3670571894777917
69 0.38387661942976886
70 0.5331663029329463
71 0.4957797220851842
72 0.48313131955588884
73 0.4376311873803359
74 0.3854464192625582
75 0.5744951660602244
76 0.45572180226193576
77 0.4614251111717546
78 0.5723153312670118
79 0.6451929766430214
80 0.602975925298782
81 0.5782665329909047
82 0.554736799680169
83 0.44867518673276424
84 0.6154267142608101
85 0.5967266247096429
86 0.7329452170896942
87 0.7950408089731961
88 0.8274067097069908
89 0.8406989395595008
90 0.7964375526988811
91 0.893461310883533
92 0.938745743067694
93 1.1565110645413283
94 1.074033880073172
95 0.9531841057000701
96 0.9706139948266871
97 1.1685454107930473
98 1.2505961471673155
99 1.2361387153547725
100 1.101652411373651
101 1.4270238395619248
102 1.290755368689827
103 1.3683871592422683
104 1.503189850893292
105 1.49534230505404
106 1.3564588320240452
107 1.4757319512436684
108 1.4847477202136372
109 1.5069366891351412
110 1.5174622472431938
111 1.4041902302481628
112 1.5612250591631545
113 1.888523515719298
114 1.8014069582360037
115 1.8951256512404098
116 1.73749425571833
117 1.6867550970507539
118 1.7696341415408472
119 1.6393025427999435
120 1.9577317545297654
