0 6.278906989314603
1 6.224345067989869
2 6.4412179567003225
3 6.62720456308631
4 6.715968392207948
5 6.930340601478621
6 7.002436860262584
7 7.202838383387704
8 7.085930742163692
9 6.922772249090462
10 6.9564247007031295
11 7.143909755940373
12 7.196576366722155
13 7.180345192838007
14 7.180352927316959
15 7.186578125551875
16 7.544275965624314
17 7.161513346942261
18 7.307553097221694
19 7.2106556513719875
20 7.253662432584438
21 7.1785921856861945
22 7.1912261416354
23 7.364102850491252
24 7.351227540582517
25 7.2632383426735885
26 7.39027687114021
27 7.377697820807084
28 7.195479355396398
29 7.379297761080664
30 7.360154806480124
31 7.342475430830733
32 7.3493433190970014
33 7.325019051502927
34 7.159347883950203
35 7.392690722634688
36 7.404395742541642
37 7.421719307848527
38 7.41133079576584
39 7.4114821176766155
40 7.42223969481044
41 7.386741223785381
42 7.271846880589405
43 7.339410466066035
44 7.400562504155353
45 7.5433589586369045
46 7.535997526880307
47 7.479179191692522
48 7.427786761993276
49 7.438493985210593
50 7.542501276958392
51 7.43714241484227
52 7.377116574166279
53 7.487638423361435
54 7.564418717866179
55 7.424553203247342
56 7.46764656407854
57 7.358400061288316
58 7.515721049701415
59 7.384589806606125
60 7.461122399669587
61 7.66621679455221
62 7.499553333018923
63 7.499547266228337
64 7.561820343106075
65 7.3768501163032045
66 7.644318497352134
67 7.4430438906518575
68 7.533653863557907
69 7.520003623092744
70 7.252206033848247
71 7.3354339811414215
72 7.585920640335945
73 7.372908561336845
74 7.278491924452843
75 7.167912890310371
76 7.403786566161763
77 7.273445405231603
78 7.157493838206442
79 7.003157601123953
80 7.210848271441813
81 7.241456411422979
82 7.33967715865511
83 7.404233338265359
84 7.22494118706431
85 7.203432387916257
86 7.110397245184104
87 6.9893953180162836
88 6.956903399825868
89 7.047524418737417
90 7.000420523857742
91 6.9048570658143005
92 6.834343675647765
93 6.838054976347414
94 6.9250086336939365
95 6.933689441207345
96 6.824188634199779
97 6.557262343366483
98 6.526956307040214
99 6.478553063274399
100 6.646887296642138
101 6.36691036576869
102 6.536882294821425
103 6.295960434914559
104 6.255296594247487
105 6.323759169239846
106 6.440194373383322
107 6.3325088573539725
108 6.4099486052089905
109 6.295097831980959
110 6.267495805533834
111 6.501789352478904
112 6.405607607918021
113 5.936651921669814
114 5.983941994295018
115 5.975047658623213
116 6.0673261654505675
117 5.979849250029568
118 5.889452322097466
119 6.091852824043062
120 5.69574997535044
