0 5.804435551844069
1 8.66741676413948
2 3.8610875472368567
3 5.799452371347325
4 3.8838914489618195
5 3.8794311950737788
6 7.690520495559973
7 2.9132370841148436
8 4.798835894593788
9 5.827884596426067
10 1.9431728323328508
11 4.812116354901772
12 2.894736224453784
13 2.8903434092652733
14 3.847773747079813
15 5.769325849740054
16 2.9057725930338556
17 2.9191438653253017
18 5.80173993372925
19 1.929187827089742
20 1.9460902954076489
21 4.791917834171488
22 5.76538145625888
23 6.744373205695096
24 4.839220893480929
25 3.8522453934326553
26 1.943748490692518
27 2.875723275059245
28 4.821101643292323
29 4.823756620810822
30 2.853396300217037
31 3.8480485404733558
32 6.767218524316974
33 6.7612500430701505
34 2.8907585053180354
35 5.7910071389690225
36 7.730425082351544
37 0.9569782339381261
38 7.753301381225656
39 1.9343980724879348
40 3.8329351685529747
41 4.834185915438448
42 4.866570867887743
43 5.803507810934507
44 4.829683691818734
45 3.8512377378431975
46 4.8626247162392975
47 3.867152669811359
48 1.8979597600988356
49 3.8365095538368914
50 2.891463641759139
51 5.7435432069954375
52 5.814966549625219
53 5.798541926615011
54 4.845014785677438
55 3.876184191163822
56 3.849792768877386
57 3.8412356050880763
58 2.9128668136272116
59 3.875940724305083
60 2.893222226902596
61 3.8755688963069423
62 3.855617145963269
63 1.9424351355917808
64 2.8832928917726575
65 6.788785549718957
66 0.9606714819920779
67 1.9289566936696476
68 2.9073685407267376
69 5.8148340534438825
70 1.9339182804782777
71 3.8809933342550593
72 0.9739783037288027
73 2.908837995822349
74 3.8592998031549093
75 0.9542442895090886
76 1.9413763728636602
77 0.9738534991769421
78 2.8964836403994427
79 3.857536744236368
80 5.789997700150066
81 4.805263490344818
82 4.819887844543991
83 7.771104229674588
84 5.826772655569787
85 2.909715953890571
86 5.7764124155430805
87 4.807515050661149
88 0.9739498723068668
89 0.9739594954715871
90 5.800224085192624
91 0.9578070164882263
92 5.772052707075394
93 3.8802296710162
94 4.814892314950847
95 6.790673040477188
96 5.794713402657359
97 1.9280057567341016
98 3.859452351702139
99 2.913818492963344
100 4.84840912928301
101 3.859553858169944
102 1.9423034794525924
103 4.825679508381681
104 2.9186431261116974
105 3.887800656136416
106 4.821113621542425
107 4.858933939415476
108 2.920671668203841
109 4.82991697633738
110 3.871907705690591
111 6.740226276660335
112 3.875356408877434
113 7.710381538234801
114 2.8657755087780674
115 7.686652357073453
116 1.9253667186916756
117 4.7990273104337415
118 2.8866868374326624
119 3.8630455303226627
120 3.8722971862459428
