0 0.0
1 0.0
2 1.7701530006530066
3 0.0
4 0.5647653646976125
5 1.7807713166783419
6 0.0
7 1.3611367282338573
8 0.0
9 0.0
10 2.768777429464086
11 0.0
12 0.7214907841918308
13 0.0
14 0.0
15 0.0
16 0.7996518816269087
17 1.1360158595519727
18 0.0
19 1.5020767857185529
20 2.8503591048704062
21 0.24765390227823136
22 0.0
23 0.0
24 0.0
25 0.32521634147815526
26 2.857543042706703
27 2.5759504496009984
28 0.07510452516748156
29 0.0
30 0.0
31 0.02876755603088199
32 0.5375565038200278
33 0.0
34 0.2214997006814614
35 0.0
36 0.0
37 0.8363129803695648
38 0.0
39 1.7487008765070524
40 0.2651933926278711
41 0.0
42 0.0
43 0.0
44 0.0
45 1.0148599948095383
46 0.0
47 1.108237399794338
48 3.211600407462898
49 0.4445414736302382
50 0.8910059409990398
51 0.0
52 0.11350345845159282
53 0.0
54 1.9878543320911524
55 1.4068467594628613
56 1.8634999282219549
57 0.8003254966452409
58 1.261074038486624
59 0.561615347655612
60 2.8262614936040986
61 0.0
62 1.9858812861975532
63 2.5568086659502436
64 3.328413140862839
65 0.46575907628319424
66 3.241486408724862
67 2.089602681296004
68 0.35430728209158247
69 0.0
70 3.393135130707233
71 1.4053249155009002
72 2.4887169711783477
73 3.2987429758993416
74 0.0
75 3.216627675557934
76 4.84671725506357
77 1.2871027076913322
78 1.3539664223153185
79 2.093609716635478
80 0.0
81 0.0
82 0.0
83 0.0
84 0.0
85 0.801301545868089
86 0.0
87 0.0
88 4.208559208208046
89 3.112833367782531
90 0.0
91 2.744969473509525
92 0.0
93 0.933340111542071
94 0.0
95 0.0
96 0.0
97 3.460907841536594
98 0.43770712576572857
99 1.0971576285177758
100 0.0
101 2.223185347582901
102 2.3104889203998775
103 0.0
104 2.729969499315051
105 0.0
106 0.0
107 0.5022733459857962
108 0.10898935966901169
109 0.0
110 0.0
111 0.0
112 0.021150008981277058
113 0.0
114 3.4226902368759675
115 0.0
116 1.0147975364446145
117 0.0
118 0.0
119 0.45086358062033316
120 0.0
