0 2.5532272479222247
1 2.552774020491481
2 2.5528729798536043
3 2.5528909474973376
4 2.553003631103718
5 2.5527418374348056
6 2.5528475698297415
7 2.55329277852301
8 2.553171737378362
9 2.553341411710229
10 2.5525282205722735
11 2.5529983025029996
12 2.553688259761794
13 2.5532400493156304
14 2.552127777053283
15 2.5541982516738595
16 2.5533165020132604
17 2.553281319898659
18 2.553142022356035
19 2.5529950172014475
20 2.552592183277108
21 2.552863314118234
22 2.5534470337442734
23 2.5525702714016205
24 2.5529595752154584
25 2.5533437730363273
26 2.5529425388159646
27 2.552973515018901
28 2.5533660748941505
29 2.5536528978365016
30 2.5527204419023937
31 2.552455851143951
32 2.553323605072352
33 2.552779678543924
34 2.552970913597713
35 2.5529769497732357
36 2.553101111526101
37 2.5533522116866507
38 2.5532037164929826
39 2.5534211497330115
40 2.553264624098168
41 2.55326438598934
42 2.5532527403420104
43 2.5533134287933934
44 2.553634690241338
45 2.553311991102502
46 2.553099097391788
47 2.5520016205601648
48 2.552384009825157
49 2.552489671237438
50 2.552783790578351
51 2.553082778598676
52 2.5529093006429133
53 2.5532171601693374
54 2.5532285152133003
55 2.553076502694168
56 2.5528752214737467
57 2.553444383415371
58 2.552664206731029
59 2.5532498263308514
60 2.553222880552448
61 2.552982975088756
62 2.553183485758224
63 2.553137728256545
64 2.552524744969216
65 2.552452562602634
66 2.553117276273868
67 2.552388520844413
68 2.5529327310946797
69 2.5533289182527703
70 2.552956319234247
71 2.5529535477867653
72 2.553148452614919
73 2.5525763079061177
74 2.552167120554372
75 2.553013775900753
76 2.553206596674553
77 2.553944330796643
78 2.5523585458167943
79 2.5529701431546847
80 2.55290513885151
81 2.552855284007858
82 2.552721423552464
83 2.5529387894068365
84 2.5531338552652225
85 2.553360699076271
86 2.553746298074826
87 2.552499367977584
88 2.5531293505160955
89 2.5522559368676396
90 2.5531561351085923
91 2.5530246016661167
92 2.552329662944573
93 2.553235884028856
94 2.5528387151360437
95 2.5529402655335995
96 2.552458981255795
97 2.553153106509981
98 2.5525479105175832
99 2.5530257026177305
100 2.5532340223059453
101 2.553398263547798
102 2.553410594437413
103 2.553010392970234
104 2.5537774953913424
105 2.5529819577994934
106 2.5525240636394635
107 2.552913967454762
108 2.553001873471483
109 2.552457423570033
110 2.5527760022889763
111 2.553561309757495
112 2.5529001560160545
113 2.5530227354189354
114 2.552602840671828
115 2.553468032154559
116 2.5524568132289067
117 2.553067285534677
118 2.5526415960404543
119 2.5523208414944327
120 2.5530284160491776
