0 2.3680013153268873
1 2.380779776630052
2 2.3956173255283186
3 2.4159535109266472
4 2.4455865191831547
5 2.502303941041997
6 2.590016360069152
7 2.619391997148594
8 2.5860549360728737
9 2.5172513168105977
10 2.4893539532950837
11 2.479974393608951
12 2.480961555444859
13 2.485116946787647
14 2.4911233337481846
15 2.493398013207712
16 2.4927765849321193
17 2.4860669909126045
18 2.478568389096723
19 2.4796614356285067
20 2.4884700214182196
21 2.5166324179475725
22 2.5848094025940367
23 2.6187754900955134
24 2.590672990614319
25 2.5028976332022803
26 2.4467692794991125
27 2.415704686368246
28 2.395463104364543
29 2.3810661676230747
30 2.3671920711787315
31 2.379985451333858
32 2.4000907266197165
33 2.43393363551019
34 2.4906124286151132
35 2.562056593649537
36 2.576627794725023
37 2.5294896262727353
38 2.4846529739233127
39 2.4682801707686624
40 2.4646669878215888
41 2.4713582094885065
42 2.487121480677685
43 2.521690131256212
44 2.582789233778861
45 2.6173372894224385
46 2.5833785221297587
47 2.5207962517119804
48 2.488052991534603
49 2.471597202162309
50 2.4645883996131643
51 2.468349270026697
52 2.4869336377064437
53 2.5291318912914162
54 2.578349678791881
55 2.561963384162831
56 2.489998138311425
57 2.434777019002343
58 2.4000227563159773
59 2.379290356068837
60 2.368355061517609
61 2.381599049059436
62 2.3945686458260305
63 2.4156210297727254
64 2.445342151955113
65 2.5034898345868313
66 2.589385759208246
67 2.6199464930578875
68 2.586396655235288
69 2.5177881699510976
70 2.4886537825427753
71 2.478922213636299
72 2.480826544030407
73 2.485655222357079
74 2.4920198354723073
75 2.4953962627365227
76 2.491673849214657
77 2.486156205220359
78 2.4804434568324836
79 2.4794181764064893
80 2.487469620787802
81 2.516921711513973
82 2.5848392112739957
83 2.618748024731001
84 2.5895168667170188
85 2.501482483036144
86 2.4459320145884638
87 2.413887489822759
88 2.3952526648350516
89 2.3818685711245275
90 2.3685024004526425
91 2.3802542572770284
92 2.4005257141143583
93 2.4349692274911194
94 2.4912760820748585
95 2.561820377167241
96 2.57716710887128
97 2.5299830198708975
98 2.4862570178863344
99 2.4683342269214914
100 2.465499948796498
101 2.470617256139281
102 2.487689790909451
103 2.5215014203321053
104 2.583403575703245
105 2.618074099064284
106 2.5833207800154354
107 2.521346498665815
108 2.4876118831803886
109 2.4707029512897067
110 2.465096823806552
111 2.469168554567866
112 2.485525588886295
113 2.529654619403916
114 2.5775284684103745
115 2.5622167200508774
116 2.4903653475780647
117 2.4339243895572746
118 2.4006316113880066
119 2.3792240360644317
120 2.3674239200041076
