0 0.39215053060806826
1 0.3843660338219099
2 0.37560917990575676
3 0.3633228071840714
4 0.344483287130605
5 0.30823719738642824
6 0.2528888925996575
7 0.23555877252862525
8 0.2581093394018677
9 0.3025319244387012
10 0.32005915019094433
11 0.32672976889928973
12 0.3269397021584484
13 0.3243767909207565
14 0.3200165960232149
15 0.31953756546539547
16 0.3195734186254924
17 0.32374289994439
18 0.3278619484904011
19 0.327250420530317
20 0.32063781105216604
21 0.3025704586192612
22 0.25884411725546724
23 0.23553463883847942
24 0.2527716762391213
25 0.3086924156689981
26 0.3436773500817059
27 0.3630432074018081
28 0.3756384578338659
29 0.38429909477408497
30 0.39282492252445944
31 0.385088741706275
32 0.372898976433142
33 0.35065437272970373
34 0.31497206579027376
35 0.2693747401772402
36 0.2613333603178703
37 0.2926731247016304
38 0.321848470140705
39 0.33315779424617836
40 0.33560191699352204
41 0.3318288186677825
42 0.32186341082809133
43 0.30024997768939243
44 0.2624808942566281
45 0.24077063387395212
46 0.2617347768420312
47 0.3002067340813343
48 0.3212030314663052
49 0.3313939614989444
50 0.3356090637508954
51 0.33272373170876474
52 0.32030753400347534
53 0.29314319918930914
54 0.26017403725471616
55 0.2696098430466967
56 0.314961553447649
57 0.3507116019866754
58 0.3723414065987783
59 0.3856904352804931
60 0.39191330492035004
61 0.3839942165704544
62 0.37639716318437366
63 0.3632022691059682
64 0.344463482645928
65 0.30760908220991595
66 0.25348823324131037
67 0.23520540256109693
68 0.2578849391843813
69 0.3025635840057164
70 0.3208613121133231
71 0.3271147353113305
72 0.3263178238052118
73 0.32363879060346146
74 0.31955905418959
75 0.3181515282430697
76 0.3201713377272102
77 0.3239857794081044
78 0.3263844655007839
79 0.32708532468280604
80 0.3219924855704973
81 0.3025671196363246
82 0.25847350482742304
83 0.23601384432282588
84 0.25350494148200864
85 0.3090401472539255
86 0.3445571191785287
87 0.36390526664177425
88 0.3757997396879507
89 0.38326793973043105
90 0.39210959002016477
91 0.38515969207224565
92 0.3717593596794757
93 0.3504276590068552
94 0.31443610130864785
95 0.26950845368289467
96 0.2603888045032857
97 0.292109297154677
98 0.32090540539351203
99 0.3327204337599904
100 0.3356464827124341
101 0.33226645969137525
102 0.32178289100596713
103 0.3002943459131353
104 0.26221490719930834
105 0.24050244299801402
106 0.2620100665431293
107 0.30068239914089334
108 0.3218657691658813
109 0.33206457289202035
110 0.3355145500926471
111 0.3325436633191485
112 0.3213302265068902
113 0.292409852977248
114 0.26045779327410173
115 0.26923053025271854
116 0.31447388367005225
117 0.3511481367730243
118 0.3721850023792144
119 0.38537834089124795
120 0.3929637802305549
