0 22.66399902378684
1 22.67068108861509
2 22.66515459989596
3 22.665370587019773
4 22.668993613620863
5 22.670059932903143
6 22.670465761992702
7 22.659683043082346
8 22.663177787805466
9 22.67602939915993
10 22.66635976308776
11 22.66742462460526
12 22.668219721027327
13 22.660229456522767
14 22.661715475842822
15 22.662563596544203
16 22.657094134618436
17 22.661258374766174
18 22.659758506338672
19 22.66451710319152
20 22.666128684760015
21 22.663748236371234
22 22.664824522377454
23 22.665079792351506
24 22.663097012245473
25 22.6690339492178
26 22.67244496523683
27 22.659735509815093
28 22.6581469956961
29 22.672616616343937
30 22.679694536351477
31 22.664941719316285
32 22.66983430017534
33 22.666951051565885
34 22.6652399186902
35 22.660993051248067
36 22.663040500047813
37 22.666922576974407
38 22.663757711920184
39 22.661696255351973
40 22.65970048321388
41 22.66050833974904
42 22.661737735580964
43 22.669428788935356
44 22.661510060602996
45 22.661442377340006
46 22.67010278509163
47 22.669854901110995
48 22.671378091151272
49 22.66749227776634
50 22.665363332448322
51 22.659127117621995
52 22.66083731006092
53 22.665001348865765
54 22.66670917604742
55 22.657707050522617
56 22.6655712968448
57 22.662278156783483
58 22.660547900167497
59 22.660975713398248
60 22.662750924560555
61 22.669725641713406
62 22.668155031943215
63 22.66381456166791
64 22.665389869944434
65 22.667826594929476
66 22.6712187057057
67 22.661177773781606
68 22.668133430807096
69 22.662642843100762
70 22.662812758992768
71 22.66579309975403
72 22.66535972121825
73 22.659319248639335
74 22.66181911712861
75 22.668631355841846
76 22.668444222782526
77 22.66408427269214
78 22.675786192322963
79 22.67049462311557
80 22.66537274888242
81 22.662515176990006
82 22.669450567858924
83 22.667947759557126
84 22.66415273001589
85 22.670170737097973
86 22.66754664105401
87 22.667033218299387
88 22.664136349840224
89 22.669896652127637
90 22.66169752387213
91 22.667479035683677
92 22.67256587456774
93 22.66860064113339
94 22.668452816682827
95 22.672097510039293
96 22.65580478268513
97 22.675778565313802
98 22.666956435351334
99 22.66595508552549
100 22.667630149683482
101 22.66374516996692
102 22.667830049004554
103 22.65829517914384
104 22.661123707615165
105 22.664544329826242
106 22.66868210538517
107 22.66325457163079
108 22.665217722012173
109 22.667359365124053
110 22.66530571166755
111 22.666729941450633
112 22.665790778597383
113 22.66828472171397
114 22.664045549297455
115 22.658313886200737
116 22.66878943402912
117 22.673895494976865
118 22.673233769542527
119 22.669094715647223
120 22.671852014745152
