0 2.3968722451445568
1 2.279764474385099
2 2.124264118120391
3 1.9786835404775296
4 1.8462370947289024
5 1.7335862524964027
6 1.6515828611543106
7 1.6287824757313236
8 1.6191075567062791
9 1.574162514912493
10 1.5125232149554528
11 1.4560047996404426
12 1.4077104733224004
13 1.3716045610450578
14 1.3399141187944452
15 1.3038583424613719
16 1.2561808260365663
17 1.1939538607001936
18 1.1132329672938701
19 1.0222946437761087
20 0.9295995456597921
21 0.834321619737334
22 0.7383185357521805
23 0.6983633144015239
24 0.6969523647084411
25 0.684091521631828
26 0.6392419596041943
27 0.5755657888008565
28 0.5075611741985543
29 0.452855999066046
30 0.41019838374421164
31 0.41578329118120205
32 0.3978287362408376
33 0.3526258592200899
34 0.2649025955245959
35 0.15407901396663728
36 0.14060157517667748
37 0.2365379153574582
38 0.3254540424107904
39 0.36913506409925073
40 0.38685718738435343
41 0.3813737350138077
42 0.3567864017299846
43 0.29806591480354194
44 0.19515892616703687
45 0.1369884533698757
46 0.1976580406388257
47 0.3070695671897854
48 0.3735500958286667
49 0.41097020668728146
50 0.4304904730526488
51 0.4300213114921944
52 0.406328059468983
53 0.3350757077704502
54 0.2512979942309676
55 0.2680125212394437
56 0.37736081852777853
57 0.4691126980868521
58 0.5178446380267446
59 0.5366701976314289
60 0.5291649697988082
61 0.5918821352564337
62 0.6760071721649713
63 0.783857607908132
64 0.8996277703865616
65 1.0239580775273527
66 1.1367110290132496
67 1.166668131786347
68 1.1539931491717732
69 1.1630539108874267
70 1.205785947185074
71 1.2683706351233286
72 1.348382543120026
73 1.4307283084674343
74 1.5127328111361924
75 1.5946971193376382
76 1.6921630575398974
77 1.8227603571451518
78 2.0086493475600418
79 2.2733336642249014
80 2.623313849494645
81 3.094378935553707
82 3.8049234594482657
83 4.187349612017816
84 4.00332095804071
85 3.372867628157156
86 2.9567255929853866
87 2.701489593915685
88 2.542227027636196
89 2.4576421235422665
90 2.411401269396108
91 2.42756724214239
92 2.4764929586198954
93 2.550129536845983
94 2.6811263067692996
95 2.8586592624667686
96 2.8646946348906326
97 2.6487743083484068
98 2.400222428518699
99 2.2180041879368333
100 2.0821695544890715
101 1.9979180498491353
102 1.9723430081094866
103 1.989097681995617
104 2.0397127071896435
105 2.0810196596572985
106 2.035619743680185
107 1.9676352708998284
108 1.9359163661754488
109 1.9438078634542015
110 2.000249211534899
111 2.1104458665638193
112 2.271995527373247
113 2.5028256060530993
114 2.7228435984705457
115 2.7047938541428835
116 2.4976476193674135
117 2.345315840116423
118 2.289284555183929
119 2.3001309794640896
120 2.397851455635466
