0 20.267348060061092
1 20.39104747444671
2 20.54101186601424
3 20.68678437807576
4 20.822808280334122
5 20.93650323827644
6 21.018887075678283
7 21.030903257633742
8 21.04407779376148
9 21.101887599701428
10 21.15384898747499
11 21.211423199841274
12 21.260509247704142
13 21.288633065638134
14 21.321805991542607
15 21.358705254082036
16 21.400925428477557
17 21.467304514066008
18 21.546533176170236
19 21.642224128532778
20 21.73653168247514
21 21.829426783479967
22 21.926508366898037
23 21.966716477948868
24 21.96614649315667
25 21.98494242758563
26 22.033203535660125
27 22.084174413418655
28 22.15059031567094
29 22.219768839582677
30 22.269496152606706
31 22.24915996439655
32 22.272009330253105
33 22.31432519234554
34 22.400337323165754
35 22.506914037281025
36 22.522440592932927
37 22.430389640850272
38 22.33830366950891
39 22.292565625266704
40 22.2728432958294
41 22.279136818081614
42 22.30495133384995
43 22.3713628741313
44 22.46635113443629
45 22.524453923970462
46 22.47244474445104
47 22.36278533392235
48 22.297832487166154
49 22.25652207107903
50 22.2348755661212
51 22.229111330374224
52 22.25450925059137
53 22.329925641097578
54 22.415411181816015
55 22.389694529284206
56 22.28821047831819
57 22.193165458697226
58 22.14270524704395
59 22.12430634138977
60 22.133585954761685
61 22.07784350645783
62 21.992147859778367
63 21.879957720807788
64 21.765762099557747
65 21.64386851740193
66 21.534507676692737
67 21.49450964199442
68 21.514140281634507
69 21.499591406816666
70 21.457028909267486
71 21.39742246463315
72 21.316979168879374
73 21.228591181230875
74 21.14908630599124
75 21.073935467492166
76 20.976282888507466
77 20.841324097049572
78 20.667136844762286
79 20.397165528480613
80 20.0420606197373
81 19.568137504787206
82 18.8645286104602
83 18.480600009583338
84 18.66083190998857
85 19.29730644415031
86 19.71082273536243
87 19.96554877927501
88 20.1219127658676
89 20.212257885274774
90 20.250306673878626
91 20.239917897349248
92 20.196094292662465
93 20.118487257311266
94 19.987366849592743
95 19.813477262757534
96 19.79117990936993
97 20.027048648007575
98 20.26675513051546
99 20.44797285721119
100 20.585467525570685
101 20.665851435295153
102 20.695506768195774
103 20.669233373049327
104 20.621450021878875
105 20.583572171049695
106 20.633094855321705
107 20.695640861536578
108 20.729320002681803
109 20.72358631712039
110 20.665089178777258
111 20.556347187845027
112 20.39387853954761
113 20.165623644926058
114 19.94143781157871
115 19.9537727278631
116 20.1712971115136
117 20.32871622844448
118 20.384077314058608
119 20.369082583419882
120 20.27423128089532
