0 2.782088705897236
1 2.599129620402281
2 2.3592067281147173
3 2.103804924321074
4 1.850824520073213
5 1.58204518307494
6 1.3272587079567557
7 1.2580155101233397
8 1.3010547271894233
9 1.3330969486850572
10 1.2857845865964872
11 1.2053682429699024
12 1.1252859971291522
13 1.0562056400447863
14 1.0039626916626936
15 0.9668262238209997
16 0.942766863624411
17 0.9276745932300653
18 0.9171956184202691
19 0.9083538992625786
20 0.907015437907529
21 0.9009871493167796
22 0.8877838478701314
23 0.8827245755664371
24 0.8782680460136925
25 0.85767633038231
26 0.8249426515373941
27 0.783956560644913
28 0.7443582992445009
29 0.7160315757982748
30 0.6922060656138601
31 0.6975249536356969
32 0.6952341065223917
33 0.6822601305073159
34 0.6477066825635205
35 0.5952075771294156
36 0.5886102827811031
37 0.6382343237764176
38 0.6836676333694223
39 0.6964917301109194
40 0.6886101042684264
41 0.661135875552217
42 0.6113285659211138
43 0.5356476834434907
44 0.41539054625035915
45 0.35005514171581026
46 0.4074639090795179
47 0.5078242994479745
48 0.5589183955484736
49 0.5794901021886264
50 0.575096856185157
51 0.5515697910441177
52 0.5049886329119465
53 0.42822604531278646
54 0.35148781405642743
55 0.3537134778390304
56 0.4178685408900732
57 0.45518493594088894
58 0.46383871771326124
59 0.4531836644384448
60 0.4353930495168464
61 0.45428783420012103
62 0.4776099423549218
63 0.5041383179868769
64 0.5248470949121812
65 0.5238342927601428
66 0.49476733147916463
67 0.4841238187998939
68 0.5131713326960634
69 0.5688059538634775
70 0.6030308289503874
71 0.6209980257886889
72 0.6329572391518895
73 0.6428303262585995
74 0.654243873834318
75 0.6714138791891502
76 0.7003132681924152
77 0.7420658620248146
78 0.7941399892254045
79 0.8512567486843647
80 0.9013761660553109
81 0.9293154105782687
82 0.9008508079135001
83 0.8713574936656417
84 0.906429795628863
85 1.0372115517193778
86 1.1509380640407467
87 1.2412691191446361
88 1.3236131118083447
89 1.3926195654033668
90 1.4499252829053504
91 1.5239145340440978
92 1.6420487433703008
93 1.7879220212317937
94 1.9809494796665217
95 2.1672075032430858
96 2.205868333159975
97 2.1100563965852976
98 2.048288924902041
99 2.047991012028958
100 2.094979578240293
101 2.196818807604392
102 2.344098707131701
103 2.539432441431784
104 2.8039093023961223
105 2.9328348207679378
106 2.8194368483924297
107 2.638512886683349
108 2.5440461567348027
109 2.5154544521186692
110 2.568110201372656
111 2.6834589628872907
112 2.880786242854971
113 3.1857009615678433
114 3.4840807180478337
115 3.4539761158333047
116 3.111496327853082
117 2.850508559702696
118 2.7128202596866373
119 2.692179392384764
120 2.7856379827976205
