0 19.94119003099193
1 19.93844832908327
2 19.94044973901968
3 19.940252954224125
4 19.944368849720238
5 19.93692513409737
6 19.945196555048195
7 19.94104167571245
8 19.945532452102615
9 19.943141842088547
10 19.948089896809893
11 19.93775437005703
12 19.944747738708575
13 19.94111043065905
14 19.9399579684804
15 19.942439091856787
16 19.942781083579604
17 19.93863127347558
18 19.944785434051497
19 19.9374273548346
20 19.940803784958693
21 19.936923218146546
22 19.93834442760869
23 19.940210031867768
24 19.933644682104934
25 19.941293505756587
26 19.93416169566343
27 19.94497528960754
28 19.943210212083144
29 19.938202792865912
30 19.937384522850373
31 19.936736808764714
32 19.941203279377163
33 19.936330223896285
34 19.935062989514744
35 19.941009203016502
36 19.948155619071702
37 19.93973810860177
38 19.94036940772402
39 19.94957709349699
40 19.933563371072005
41 19.93746254029692
42 19.941752234599907
43 19.94089512132074
44 19.939379805348413
45 19.941565919701226
46 19.940660162291852
47 19.94089376060726
48 19.936879150223323
49 19.941226114119566
50 19.937029912701895
51 19.941248851409426
52 19.941629995954507
53 19.93840289008649
54 19.948392371300557
55 19.942679260222967
56 19.941053329799963
57 19.938853049746598
58 19.938129693014503
59 19.943966138900066
60 19.943029187292375
61 19.942429686227936
62 19.946283142820928
63 19.938571595550037
64 19.94035931046272
65 19.942841141860168
66 19.94127271229761
67 19.938634845762266
68 19.937202319309822
69 19.935127689050862
70 19.94877817351006
71 19.946753023849627
72 19.9456786347421
73 19.944381216978936
74 19.943621452849197
75 19.94627234724601
76 19.94036670037006
77 19.93888393950109
78 19.943817102322917
79 19.940170952735006
80 19.935273565077267
81 19.935801576436393
82 19.943819140293467
83 19.950318212575418
84 19.942076223567764
85 19.93335831135456
86 19.942450783447473
87 19.946574748259057
88 19.932899555428932
89 19.94053725070503
90 19.950116100446163
91 19.943950398735183
92 19.93983708431974
93 19.93034802959843
94 19.93957669670409
95 19.94409355605775
96 19.94712738560008
97 19.942113522515044
98 19.934803017555534
99 19.94144475402376
100 19.941577559670343
101 19.937558830322143
102 19.94185359381706
103 19.939309437119704
104 19.94679258495404
105 19.940675454292833
106 19.93544226458688
107 19.944625186320522
108 19.948234459647843
109 19.940559884621553
110 19.9410645544211
111 19.93765980452534
112 19.945485421090346
113 19.940516203732987
114 19.938418194763003
115 19.940952171357672
116 19.94311496253927
117 19.944812745254204
118 19.93968301349966
119 19.943377631444314
120 19.93369015720969
