0 22.61959086133554
1 22.614140908282067
2 22.616822435403275
3 22.623478932162868
4 22.61781157528297
5 22.6232645914916
6 22.619451083558634
7 22.62390970668793
8 22.624539998573336
9 22.61798351983264
10 22.622985330563417
11 22.619328893418743
12 22.610129650482325
13 22.617312328861043
14 22.61628001729436
15 22.613210367606502
16 22.619186212334323
17 22.6139939774007
18 22.618540406190267
19 22.623769891177773
20 22.623000016780207
21 22.620073570787476
22 22.621382301019896
23 22.618015882771648
24 22.61374619199673
25 22.615544774720515
26 22.616795399095817
27 22.620943164186357
28 22.618447328042723
29 22.62202675431839
30 22.619825711271535
31 22.618399846136853
32 22.612007507220362
33 22.617602278159826
34 22.620905106261407
35 22.619213397891137
36 22.619906108136018
37 22.61184931712418
38 22.616497628518047
39 22.611523701225035
40 22.627900670128557
41 22.617402060042554
42 22.617883371804094
43 22.62283481559247
44 22.619877958773564
45 22.61711702227901
46 22.62333871500213
47 22.618561706683014
48 22.610321158262416
49 22.626588439571847
50 22.618974145408224
51 22.611057032522
52 22.61990127429766
53 22.618159721429834
54 22.617500390062027
55 22.625310303835054
56 22.62672224737321
57 22.62606170816687
58 22.622958338677922
59 22.616024114090507
60 22.61748202179899
61 22.62202327016488
62 22.62386918896315
63 22.63172050511806
64 22.621488796555493
65 22.61968277135062
66 22.62132860558971
67 22.60960718976311
68 22.618960674002683
69 22.612690209269164
70 22.624967657548922
71 22.61864122024333
72 22.61941107011812
73 22.62577356107439
74 22.6185073656676
75 22.62110237325214
76 22.611012437906396
77 22.620714066165377
78 22.622317674397035
79 22.617675812774465
80 22.620729915109248
81 22.62389198482003
82 22.61517765800431
83 22.618622809315934
84 22.63076391130777
85 22.627510586455873
86 22.61982530913276
87 22.621088203481627
88 22.62072673491962
89 22.61757741864608
90 22.61410584221055
91 22.613586110213834
92 22.619651454755395
93 22.616984348809087
94 22.615527907543218
95 22.61172660628396
96 22.62708380708168
97 22.622919187472018
98 22.625480125271217
99 22.622080508406814
100 22.618311490557474
101 22.62024518670326
102 22.61901921576606
103 22.616779525428235
104 22.6244049350827
105 22.619276336544413
106 22.61580099619373
107 22.621080173506144
108 22.62569462441122
109 22.6189824576355
110 22.61663125614983
111 22.62252618077482
112 22.621918880278734
113 22.619987905993323
114 22.62216184891174
115 22.61909937361743
116 22.621990220980535
117 22.625074101300363
118 22.619731515024316
119 22.61791410111201
120 22.620677135534272
