0 2.6397248628470273
1 2.507706520763567
2 2.3405184503439878
3 2.160478365978319
4 1.9868037490788355
5 1.799249223435707
6 1.6003410935322355
7 1.5488468682924637
8 1.5960283744894088
9 1.6557880559068796
10 1.6445196684322272
11 1.60472290816107
12 1.5587517837068816
13 1.5155864750193138
14 1.4691763298157774
15 1.4220567162148114
16 1.380470986597766
17 1.3223470479064492
18 1.2446731292729685
19 1.1391484973735897
20 1.0122732745059042
21 0.8557978084799568
22 0.6413343355130843
23 0.5377807677318308
24 0.5699420327208189
25 0.6663182765817925
26 0.6831558509374578
27 0.6524572855376921
28 0.6008363696609522
29 0.5489530003310809
30 0.5077220116183165
31 0.5313647986883117
32 0.5237937286038714
33 0.48674100918879704
34 0.38959949055240295
35 0.24293770723933533
36 0.23238628469033196
37 0.3984263679804286
38 0.5612796863993443
39 0.6555593497414578
40 0.6967551813114198
41 0.6973692549131791
42 0.6479170712901371
43 0.5422521902184538
44 0.3591368687038184
45 0.256287029033405
46 0.3493949688595176
47 0.5078004946230967
48 0.5901428059343643
49 0.6159370483969033
50 0.6014037290704383
51 0.5509325014006813
52 0.45873313681794914
53 0.3104268864130087
54 0.1635463621659029
55 0.17104058439564004
56 0.2968745245650363
57 0.379955627066808
58 0.40939476464451674
59 0.4106322421207618
60 0.39195218669522897
61 0.41717361267434017
62 0.4413652170941252
63 0.4612430562961741
64 0.460881898156088
65 0.40802422351454964
66 0.2793686770053242
67 0.24198567944405333
68 0.3463613389909109
69 0.5534840885967506
70 0.6899734750370125
71 0.7893196975716034
72 0.8649328619943913
73 0.9195095323672783
74 0.9556014414214601
75 0.9845873611661041
76 1.0198136384066865
77 1.058770049287512
78 1.0941052062736534
79 1.125713491104789
80 1.1395371197978885
81 1.1272589276479625
82 1.0546119769486826
83 1.0089799315839934
84 1.0376981786348365
85 1.1388594847562963
86 1.2001399102564725
87 1.2261611693381271
88 1.248731727373318
89 1.2556983914859712
90 1.2653010113488095
91 1.3610129008265022
92 1.466737812825975
93 1.5790940770592645
94 1.6793773826806808
95 1.7538557137215431
96 1.7750847246123693
97 1.8080508661382788
98 1.8780954104161176
99 1.958281417306172
100 2.0569175348271522
101 2.172461645433038
102 2.2969576973499803
103 2.4336927308931537
104 2.5854892698650067
105 2.6644741617793777
106 2.6117397754323295
107 2.5232577453291603
108 2.482152056595968
109 2.4775824734553296
110 2.515350218992122
111 2.5942106342767084
112 2.7152467230594484
113 2.9102633850828585
114 3.1031949554750304
115 3.0743709495607097
116 2.852673471481923
117 2.6785232312853973
118 2.5843725909136253
119 2.563970712499822
120 2.6391795464590255
