0 17.159427768375213
1 17.339580021752827
2 17.581443416135873
3 17.836584049636873
4 18.093628822439396
5 18.354922274051113
6 18.617948245090947
7 18.68303060640559
8 18.64449411204983
9 18.610055124273984
10 18.662313408276063
11 18.73240195663056
12 18.819476303283864
13 18.884912565887404
14 18.936003941164977
15 18.97561820699939
16 19.00001755427351
17 19.010962197184163
18 19.027596676043267
19 19.02908519629133
20 19.033788480025237
21 19.035937213375426
22 19.05056438477259
23 19.057485456300498
24 19.05537918048408
25 19.083618564295598
26 19.109220327001744
27 19.161021680844915
28 19.198864986668262
29 19.222173603890305
30 19.245194009252447
31 19.239219431769232
32 19.245971345094066
33 19.254073243767937
34 19.287359256107177
35 19.345801625887226
36 19.35954533629119
37 19.301504475366276
38 19.256703303479643
39 19.25308632920641
40 19.2449565673021
41 19.27633369046095
42 19.330425273085176
43 19.405251441351936
44 19.523989259097252
45 19.591510777987125
46 19.533196253212918
47 19.433079714411505
48 19.377961235810975
49 19.36174054470143
50 19.36193365131428
51 19.38967911183783
52 19.436645063021192
53 19.51017722203029
54 19.596905438584724
55 19.588966124969087
56 19.523186472448018
57 19.48366906746428
58 19.474293348411326
59 19.49079738433444
60 19.50764793089881
61 19.488142433428884
62 19.46867354803857
63 19.43443361432632
64 19.41551546208328
65 19.41900852686037
66 19.4465053808189
67 19.45451102696263
68 19.424030986613367
69 19.366329334297408
70 19.34574894112303
71 19.325756498325042
72 19.31272363279953
73 19.301558876166936
74 19.28938753812653
75 19.274860606345033
76 19.240066369008844
77 19.196822015944317
78 19.1496869690608
79 19.0889170599328
80 19.033903302566227
81 19.006486165857424
82 19.042970349426792
83 19.07896071891049
84 19.03564642794014
85 18.89614757805744
86 18.791519143369523
87 18.705314262759057
88 18.60929615832538
89 18.547935746832596
90 18.5002004541504
91 18.420046626435884
92 18.29780982797995
93 18.142453442261413
94 17.958662180212198
95 17.776936666906668
96 17.74131615464309
97 17.832104156104027
98 17.886558227582643
99 17.893481168936354
100 17.846621271826606
101 17.740758435485194
102 17.59778781950899
103 17.39995679788834
104 17.142998524766597
105 17.008013594400524
106 17.116157584078845
107 17.30618290920508
108 17.404254595925263
109 17.4251785432793
110 17.37304941826363
111 17.254364994248192
112 17.065047537386082
113 16.75533455645369
114 16.455110857624103
115 16.487699449569163
116 16.83211135523235
117 17.094647659971418
118 17.227100243608312
119 17.251503352016375
120 17.148406866720848
