0 19.979970565321526
1 20.106564261568
2 20.276355662526313
3 20.463030113085455
4 20.631030298709323
5 20.82402743896543
6 21.019112016853267
7 21.07506283839549
8 21.028511624083713
9 20.962201559589243
10 20.978467272975237
11 21.014606692875073
12 21.05137925762068
13 21.101730173420588
14 21.147111909424723
15 21.191155020383196
16 21.238717608716573
17 21.29164716864117
18 21.373867740487736
19 21.48462139380415
20 21.610726742274743
21 21.76427776780835
22 21.98005227113762
23 22.08023684479996
24 22.043804159275165
25 21.94922800364594
26 21.933639548159466
27 21.96848792406277
28 22.0176172612517
29 22.073076609514466
30 22.112105348351054
31 22.08703504744806
32 22.088214349938106
33 22.130866629931695
34 22.23130618399444
35 22.37627569065135
36 22.38751982344504
37 22.213422949144025
38 22.055220033449583
39 21.955967258293928
40 21.931147450312487
41 21.92003384320114
42 21.969966300513686
43 22.080583639496393
44 22.260741090070017
45 22.360829993245073
46 22.273943746141878
47 22.110761212058566
48 22.0201792285558
49 22.01065166032452
50 22.017571147884038
51 22.06012453112238
52 22.16116813747993
53 22.307732835016612
54 22.45395402789551
55 22.45426971943851
56 22.329847722807948
57 22.24611256500679
58 22.213565447180898
59 22.205393112069178
60 22.225529835104503
61 22.20485112443924
62 22.1825039718697
63 22.17047744882199
64 22.160606898399248
65 22.211658547836063
66 22.341959928584597
67 22.36762151031951
68 22.272599335012327
69 22.059206405066643
70 21.935001450696532
71 21.829321522671133
72 21.754478950408018
73 21.70626402870713
74 21.662909864448917
75 21.636515012086363
76 21.591198799499292
77 21.56194601609597
78 21.528214386287328
79 21.491967770599494
80 21.481193223142252
81 21.496634587985785
82 21.560565681055238
83 21.60964287773261
84 21.593065732673068
85 21.488651542107217
86 21.419691479954864
87 21.394927034145194
88 21.37200367662822
89 21.36188354000749
90 21.348805835025217
91 21.25257389341981
92 21.152913641928546
93 21.037890639214854
94 20.936156612703726
95 20.85787423359296
96 20.852005650188897
97 20.814877255250995
98 20.747384740416383
99 20.66380408964329
100 20.561400141250388
101 20.447787528913377
102 20.322082973094325
103 20.183106956991583
104 20.038944785156637
105 19.954845104184137
106 20.004104968646832
107 20.097857880317573
108 20.14355888241953
109 20.14141242773683
110 20.101290854740064
111 20.02835202021065
112 19.906740014678714
113 19.70984013327769
114 19.519094485375913
115 19.544884361089984
116 19.769396216917848
117 19.9466355318733
118 20.035431655120576
119 20.05401262702944
120 19.98159688662405
