0 4.019567858309213
1 4.189569286941945
2 3.9253566457862057
3 4.130538772085309
4 4.044146597167734
5 4.212110645281065
6 4.036781980595848
7 4.086702774204113
8 4.258907825183449
9 4.203732095967291
10 4.074708507080115
11 4.146778193866125
12 4.1579015656516365
13 4.118247380214584
14 4.308718138288526
15 4.046111249025778
16 3.909610650877558
17 4.190570241450665
18 4.073610645389838
19 3.958218343737246
20 3.9105778010323218
21 4.229969692308028
22 4.248578210338058
23 4.367419980772925
24 4.263269472342227
25 3.9807945080308804
26 4.189735418955226
27 3.9936729209353143
28 3.9838883109144625
29 4.042895250206915
30 4.136730493869505
31 4.107869625920174
32 4.157750497403128
33 4.040853860615155
34 4.068357048401124
35 4.074282513494183
36 4.1819261232599185
37 4.156104881381975
38 3.979600356651755
39 3.876329115874288
40 4.230663666763067
41 4.0719090222237915
42 4.3516981145356635
43 4.031933425268192
44 4.055001971326416
45 4.187492125461827
46 4.045087107164512
47 4.019403205688683
48 4.08727855698559
49 4.033070791614099
50 4.202012028799347
51 4.0204099527738295
52 4.11675833220638
53 4.0063720385803645
54 3.856679641279165
55 4.263218842359254
56 4.254360933518793
57 4.035799411586068
58 4.041534287388877
59 4.218131144930612
60 4.122421698035785
61 4.051743267652759
62 4.179998412878288
63 4.1468961493038865
64 4.142137110225968
65 4.1130601350471805
66 4.068307823627291
67 4.155046208325574
68 4.01565585685788
69 4.032977256370847
70 3.8319700696601817
71 4.138274361484301
72 4.20107897252275
73 4.051360128412068
74 3.9199581284462797
75 4.125679494076342
76 4.2427712143156535
77 4.249151766794024
78 4.025166285847351
79 4.050550564617256
80 4.069167571883211
81 4.222858247564688
82 3.867490663554357
83 3.9404264555279527
84 4.031881253840504
85 3.9675962094012447
86 4.2760271513967725
87 4.199127204446877
88 4.129339934992027
89 3.972096506658983
90 3.968645407665136
91 4.078042343660828
92 4.078516267125348
93 4.309466243030293
94 4.146448875929605
95 4.374459459493012
96 4.035096567070699
97 4.126204041024274
98 4.088958976889033
99 4.196047300057045
100 4.073032610901124
101 4.158254863943398
102 4.0677520450782865
103 4.133545175176869
104 4.092806082936379
105 4.180487978445556
106 4.176987126989837
107 4.082248938087273
108 4.050804773660256
109 4.259495221181444
110 4.238714114884982
111 4.095328082297945
112 4.082382004938914
113 4.1276244643685
114 3.8652237739598663
115 4.126039583924263
116 3.8188996955073855
117 4.121053273507324
118 4.194115282413581
119 4.05949177009362
120 4.024365763323186
