0 1.238253694637626e-6
1 1.2251775054299202e-6
2 1.2123827130411896e-6
3 1.1998703880705192e-6
4 1.1876415508292637e-6
5 1.1756971731537865e-6
6 1.1640381801751095e-6
7 1.152665452045162e-6
8 1.1415798256193422e-6
9 1.1307820960951746e-6
10 1.1202730186068668e-6
11 1.110053309775661e-6
12 1.1001236492158439e-6
13 1.0904846809963863e-6
14 1.0811370150581664e-6
15 1.0720812285867962e-6
16 1.063317867341059e-6
17 1.0548474469370372e-6
18 1.0466704540879932e-6
19 1.0387873478001076e-6
20 1.0311985605241796e-6
21 1.023904499263437e-6
22 1.0169055466375756e-6
23 1.0102020619031968e-6
24 1.0037943819308035e-6
25 9.9768282213851e-7
26 9.918676773826553e-7
27 9.863492228054902e-7
28 9.811277146401085e-7
29 9.762033909728187e-7
30 9.71576472463114e-7
31 9.672471630214339e-7
32 9.632156504448765e-7
33 9.59482107011032e-7
34 9.56046690030103e-7
35 9.529095423554541e-7
36 9.500707928527541e-7
37 9.475305568278285e-7
38 9.452889364133652e-7
39 9.433460209145894e-7
40 9.417018871140023e-7
41 9.403565995352985e-7
42 9.393102106665332e-7
43 9.38562761142611e-7
44 9.381142798871643e-7
45 9.379647842138584e-7
46 9.381142798871643e-7
47 9.38562761142611e-7
48 9.393102106665332e-7
49 9.403565995352985e-7
50 9.417018871140023e-7
51 9.433460209145894e-7
52 9.452889364133652e-7
53 9.475305568278285e-7
54 9.500707928527541e-7
55 9.529095423554541e-7
56 9.56046690030103e-7
57 9.59482107011032e-7
58 9.632156504448765e-7
59 9.672471630214339e-7
60 9.71576472463114e-7
61 9.762033909728187e-7
62 9.811277146401085e-7
63 9.863492228054902e-7
64 9.918676773826553e-7
65 9.9768282213851e-7
66 1.0037943819308035e-6
67 1.0102020619031968e-6
68 1.0169055466375756e-6
69 1.023904499263437e-6
70 1.0311985605241796e-6
71 1.0387873478001076e-6
72 1.0466704540879932e-6
73 1.0548474469370372e-6
74 1.063317867341059e-6
75 1.0720812285867962e-6
76 1.0811370150581664e-6
77 1.0904846809963863e-6
78 1.1001236492158439e-6
79 1.110053309775661e-6
80 1.1202730186068668e-6
81 1.1307820960951746e-6
82 1.1415798256193422e-6
83 1.152665452045162e-6
84 1.1640381801751095e-6
85 1.1756971731537865e-6
86 1.1876415508292637e-6
87 1.1998703880705192e-6
88 1.2123827130411896e-6
89 1.2251775054299202e-6
90 1.238253694637626e-6
91 1.2516101579220776e-6
92 1.2652457185002248e-6
93 1.279159143608808e-6
94 1.2933491425238142e-6
95 1.3078143645394516e-6
96 1.3225533969073624e-6
97 1.3375647627369078e-6
98 1.352846918857429e-6
99 1.368398253643468e-6
100 1.3842170848040612e-6
101 1.4003016571372875e-6
102 1.4166501402513927e-6
103 1.4332606262538763e-6
104 1.4501311274101078e-6
105 1.4672595737730911e-6
106 1.48464381078619e-6
107 1.502281596860697e-6
108 1.520170600930318e-6
109 1.5383083999847504e-6
110 1.5566924765847097e-6
111 1.5753202163608653e-6
112 1.5941889054993823e-6
113 1.6132957282168278e-6
114 1.6326377642274606e-6
115 1.6522119862060343e-6
116 1.6720152572494406e-6
117 1.6920443283407035e-6
118 1.7122958358190115e-6
119 1.7327662988596604e-6
120 1.7534521169679863e-6
121 1.7743495674915398e-6
122 1.7954548031549677e-6
123 1.8167638496222583e-6
124 1.8382726030912124e-6
125 1.8599768279251951e-6
126 1.88187215432745e-6
127 1.9039540760634203e-6
128 1.926217948236769e-6
129 1.948658985124967e-6
130 1.9712722580805092e-6
131 1.9940526935040536e-6
132 2.0169950708959237e-6
133 2.04009402099265e-6
134 2.0633440239953754e-6
135 2.086739407897153e-6
136 2.110274346916329e-6
137 2.1339428600433474e-6
138 2.1577388097085055e-6
139 2.1816559005783015e-6
140 2.205687678488156e-6
141 2.2298275295194184e-6
142 2.2540686792286664e-6
143 2.278404192037389e-6
144 2.302826970790237e-6
145 2.3273297564900624e-6
146 2.3519051282180062e-6
147 2.376545503246937e-6
148 2.4012431373564756e-6
149 2.4259901253578894e-6
150 2.450778401837005e-6
151 1.0e-20
152 1.0e-20
153 1.0e-20
154 1.0e-20
155 1.0e-20
156 1.0e-20
157 1.0e-20
158 1.0e-20
159 1.0e-20
160 1.0e-20
161 1.0e-20
162 1.0e-20
163 1.0e-20
164 1.0e-20
165 1.0e-20
166 1.0e-20
167 1.0e-20
168 1.0e-20
169 1.0e-20
170 1.0e-20
171 1.0e-20
172 1.0e-20
173 1.0e-20
174 1.0e-20
175 1.0e-20
176 1.0e-20
177 1.0e-20
178 1.0e-20
179 1.0e-20
180 1.0e-20
181 1.0e-20
182 1.0e-20
183 1.0e-20
184 1.0e-20
185 1.0e-20
186 1.0e-20
187 1.0e-20
188 1.0e-20
189 1.0e-20
190 1.0e-20
191 1.0e-20
192 1.0e-20
193 1.0e-20
194 1.0e-20
195 1.0e-20
196 1.0e-20
197 1.0e-20
198 1.0e-20
199 1.0e-20
200 1.0e-20
201 1.0e-20
202 1.0e-20
203 1.0e-20
204 1.0e-20
205 1.0e-20
206 1.0e-20
207 1.0e-20
208 1.0e-20
209 1.0e-20
210 1.0e-20
211 1.0e-20
212 1.0e-20
213 1.0e-20
214 1.0e-20
215 1.0e-20
216 1.0e-20
217 1.0e-20
218 1.0e-20
219 1.0e-20
220 1.0e-20
221 1.0e-20
222 1.0e-20
223 1.0e-20
224 1.0e-20
225 1.0e-20
226 1.0e-20
227 1.0e-20
228 1.0e-20
229 1.0e-20
230 1.0e-20
231 1.0e-20
232 1.0e-20
233 1.0e-20
234 1.0e-20
235 1.0e-20
236 1.0e-20
237 1.0e-20
238 1.0e-20
239 1.0e-20
240 1.0e-20
241 1.0e-20
242 1.0e-20
243 1.0e-20
244 1.0e-20
245 1.0e-20
246 1.0e-20
247 1.0e-20
248 1.0e-20
249 1.0e-20
250 1.0e-20
251 1.0e-20
252 1.0e-20
253 1.0e-20
254 1.0e-20
255 1.0e-20
256 1.0e-20
257 1.0e-20
258 1.0e-20
259 1.0e-20
260 1.0e-20
261 1.0e-20
262 1.0e-20
263 1.0e-20
264 1.0e-20
265 1.0e-20
266 1.0e-20
267 1.0e-20
268 1.0e-20
269 1.0e-20
270 1.0e-20
271 1.0e-20
272 1.0e-20
273 1.0e-20
274 1.0e-20
275 1.0e-20
276 1.0e-20
277 1.0e-20
278 1.0e-20
279 1.0e-20
280 1.0e-20
281 1.0e-20
282 1.0e-20
283 1.0e-20
284 1.0e-20
285 1.0e-20
286 1.0e-20
287 1.0e-20
288 1.0e-20
289 1.0e-20
290 1.0e-20
291 1.0e-20
292 1.0e-20
293 1.0e-20
294 1.0e-20
295 1.0e-20
296 1.0e-20
297 1.0e-20
298 1.0e-20
299 1.0e-20
300 2.450778401837005e-6
301 2.4259901253578894e-6
302 2.4012431373564756e-6
303 2.376545503246937e-6
304 2.3519051282180062e-6
305 2.3273297564900624e-6
306 2.302826970790237e-6
307 2.278404192037389e-6
308 2.2540686792286664e-6
309 2.2298275295194184e-6
310 2.205687678488156e-6
311 2.1816559005783015e-6
312 2.1577388097085055e-6
313 2.1339428600433474e-6
314 2.110274346916329e-6
315 2.086739407897153e-6
316 2.0633440239953754e-6
317 2.04009402099265e-6
318 2.0169950708959237e-6
319 1.9940526935040536e-6
320 1.9712722580805092e-6
321 1.948658985124967e-6
322 1.926217948236769e-6
323 1.9039540760634203e-6
324 1.88187215432745e-6
325 1.8599768279251951e-6
326 1.8382726030912124e-6
327 1.8167638496222583e-6
328 1.7954548031549677e-6
329 1.7743495674915398e-6
330 1.7534521169679863e-6
331 1.7327662988596604e-6
332 1.7122958358190115e-6
333 1.6920443283407035e-6
334 1.6720152572494406e-6
335 1.6522119862060343e-6
336 1.6326377642274606e-6
337 1.6132957282168278e-6
338 1.5941889054993823e-6
339 1.5753202163608653e-6
340 1.5566924765847097e-6
341 1.5383083999847504e-6
342 1.520170600930318e-6
343 1.502281596860697e-6
344 1.48464381078619e-6
345 1.4672595737730911e-6
346 1.4501311274101078e-6
347 1.4332606262538763e-6
348 1.4166501402513927e-6
349 1.4003016571372875e-6
350 1.3842170848040612e-6
351 1.368398253643468e-6
352 1.352846918857429e-6
353 1.3375647627369078e-6
354 1.3225533969073624e-6
355 1.3078143645394516e-6
356 1.2933491425238142e-6
357 1.279159143608808e-6
358 1.2652457185002248e-6
359 1.2516101579220776e-6
360 1.238253694637626e-6
