0 4.565128867799511
1 4.568157407732857
2 4.569178839081967
3 4.568614525186221
4 4.56762812703496
5 4.568474139885785
6 4.567765199291624
7 4.570290715175505
8 4.5687195852836355
9 4.569846791390889
10 4.568477083892853
11 4.569308855605791
12 4.569201495660296
13 4.567216541135359
14 4.567986224545329
15 4.569578042603818
16 4.567515565639982
17 4.567599590684781
18 4.5665190514424125
19 4.569357419841858
20 4.567451498527819
21 4.569064833002657
22 4.571136822545501
23 4.568453188584531
24 4.570804355253027
25 4.569474497417788
26 4.567737203381604
27 4.569013972124233
28 4.569501858197771
29 4.5686060407022415
30 4.568215612518282
31 4.567763598708433
32 4.5681605900226145
33 4.570132306349518
34 4.569470250927266
35 4.566061472359806
36 4.57106402288672
37 4.567790042798913
38 4.569219864640261
39 4.567070942245968
40 4.5691584291985565
41 4.568642841597048
42 4.568974737635348
43 4.572103514684294
44 4.566610424243051
45 4.569761370503401
46 4.5678215305996455
47 4.567103687692752
48 4.5663593876728505
49 4.567583338255218
50 4.568520985231201
51 4.567088607752683
52 4.566831464767187
53 4.568049725787932
54 4.569495074144099
55 4.567798488688229
56 4.567401860459948
57 4.56902405163739
58 4.5706033814832745
59 4.566353706617393
60 4.568585967106612
61 4.569352355254284
62 4.566446671548861
63 4.570044135093521
64 4.568507555114847
65 4.567925033359133
66 4.569051705953993
67 4.568169392247126
68 4.566885232703766
69 4.570270170860689
70 4.568430168319753
71 4.5698487759704
72 4.568768019890174
73 4.5680279136057935
74 4.568856250646274
75 4.568932394736002
76 4.56978964391815
77 4.570002588379072
78 4.568324075507634
79 4.568678490521282
80 4.569188030037045
81 4.569052964776244
82 4.569951816907647
83 4.568040842557357
84 4.56844669336951
85 4.570236770565691
86 4.568297050506905
87 4.570645579512466
88 4.567375343204392
89 4.569603126661269
90 4.568514951705689
91 4.571112467260398
92 4.57029740206001
93 4.5689261598114195
94 4.5688360828432595
95 4.5699774632205825
96 4.569790128495426
97 4.5696553725425595
98 4.569416426654536
99 4.566734888717978
100 4.568052698008524
101 4.566872694512319
102 4.566258445641484
103 4.569002852844637
104 4.567887429955205
105 4.568056598438735
106 4.570376797146307
107 4.568874395870693
108 4.56850987399138
109 4.568003175708943
110 4.570298189731691
111 4.5674833771709835
112 4.5665781381567445
113 4.568314733906172
114 4.56784258812656
115 4.5665427990639005
116 4.567149762820701
117 4.571055713222406
118 4.56924212498303
119 4.57028181094866
120 4.568476589734288
