0 1.178036137267871
1 1.1622622442990544
2 1.140215502683195
3 1.1082549910092763
4 1.063537645193409
5 0.9748501405720692
6 0.8395142045346741
7 0.8001685306038703
8 0.8522640616242566
9 0.9582752372963033
10 1.0011457731899853
11 1.0164533227384924
12 1.0158665156614235
13 1.0058910464172008
14 0.9987648940630816
15 0.9942256980928179
16 0.9959344396776182
17 1.0077142982244374
18 1.0118560009585058
19 1.0143833087231617
20 1.0037856138152135
21 0.9574884934315904
22 0.8538125794390484
23 0.7976269947239234
24 0.8441436603085238
25 0.9776708352296406
26 1.0621423107771069
27 1.1083233690229717
28 1.13991345905232
29 1.1582460600079525
30 1.1786779586210152
31 1.1613255444692496
32 1.128148582515803
33 1.0808123065343946
34 0.9930611126961485
35 0.8805035114279073
36 0.860417296904227
37 0.9348362673824273
38 1.004042845232874
39 1.0277517163223202
40 1.037716409932011
41 1.0283971880443208
42 1.003507993820863
43 0.9517366579492589
44 0.8576839505495867
45 0.8055788960245964
46 0.8570765053827853
47 0.9495625842984012
48 1.0002139239215597
49 1.0285577513139355
50 1.036366046161651
51 1.0282035345318896
52 1.0026556361107382
53 0.9335062502192316
54 0.8612158284959347
55 0.8822554012212426
56 0.9914705079630762
57 1.0782327483781542
58 1.1316785193978056
59 1.160685064715316
60 1.1794055973366495
61 1.1600663527938957
62 1.134907652983138
63 1.1085029438824818
64 1.0605924010870855
65 0.9742319321982761
66 0.8437141482526894
67 0.7979917099332191
68 0.8504773832434119
69 0.9595024201094459
70 1.0020269664189527
71 1.0161463675633104
72 1.0143322980609086
73 1.0050427710039163
74 0.997669053530811
75 0.9907962395229829
76 0.9977066801258734
77 1.0071195082414919
78 1.0113628616241706
79 1.0138818180140186
80 1.003803559336983
81 0.9586221843979716
82 0.8525901973041551
83 0.798221812091389
84 0.8427222256273478
85 0.9784470031931339
86 1.0618734548260405
87 1.1093565374766527
88 1.135228066797995
89 1.162206127432989
90 1.1812937640593177
91 1.1629361451412286
92 1.131732184639125
93 1.0815685919694846
94 0.9914688554499625
95 0.8827202426095891
96 0.8598388364741019
97 0.933497003054256
98 1.0033513244272607
99 1.0301915650551492
100 1.0365693598847032
101 1.027414913489686
102 1.0018951910109462
103 0.9505812947972467
104 0.8592181156447083
105 0.8061133301876984
106 0.8561018122701014
107 0.951682125068359
108 1.0040316460497294
109 1.0269838008203926
110 1.0379366305854403
111 1.0297779380171437
112 1.0028933445114816
113 0.9371454313285529
114 0.8593538365775293
115 0.8809618744487363
116 0.9913537324986152
117 1.0803901474855842
118 1.1299801183448892
119 1.1632330793256873
120 1.180143168366346
