0 4.012179075585528
1 4.048450242872654
2 4.088630137754346
3 4.144970515977153
4 4.226532681926988
5 4.381419608019009
6 4.620036073629053
7 4.697767777128041
8 4.613609460472076
9 4.430000724757209
10 4.353859923386335
11 4.329328539518325
12 4.334896901748757
13 4.350721936837989
14 4.3627286517069255
15 4.3730548759835655
16 4.36837334223547
17 4.349056406776586
18 4.336127219655072
19 4.332390626603757
20 4.350601874595801
21 4.430037976922512
22 4.614210631711918
23 4.7036066705387105
24 4.61705140013556
25 4.380805289622692
26 4.230329506542932
27 4.148173456197954
28 4.090249544216132
29 4.052548910681353
30 4.012729991251745
31 4.046413651199699
32 4.107701372000893
33 4.194771844408226
34 4.346502001315074
35 4.540274011349866
36 4.5866248842562705
37 4.459667331544574
38 4.343990096303203
39 4.3012687514368
40 4.289279888462395
41 4.306018508625448
42 4.351835082577141
43 4.44472320361101
44 4.611374555218736
45 4.709282722801966
46 4.614396034507254
47 4.446751354808314
48 4.3535591995762255
49 4.303628700438429
50 4.289400597625293
51 4.302121150724239
52 4.341494363113764
53 4.462356573454573
54 4.583375639842277
55 4.540245275925992
56 4.346085156441567
57 4.195036955496115
58 4.104713825624042
59 4.047696045152945
60 4.014667797005352
61 4.051888343656814
62 4.094709234250932
63 4.147128463611926
64 4.230521387104691
65 4.383924023786437
66 4.617364639596185
67 4.699202050714528
68 4.61395428101779
69 4.428387972253617
70 4.353445945838555
71 4.3314479601669085
72 4.335104861352271
73 4.350883847682475
74 4.365575032869717
75 4.378343590084501
76 4.366073225141153
77 4.348888285454622
78 4.336261904109193
79 4.332624877359089
80 4.3523601890289845
81 4.4278330108229795
82 4.613265564587005
83 4.697130911527214
84 4.617672610572847
85 4.378879924663956
86 4.2283092094777475
87 4.146095603070955
88 4.094803137730428
89 4.0496459844389685
90 4.0108685581951455
91 4.047078304889568
92 4.102779056012217
93 4.192713132941504
94 4.347806923278955
95 4.540738432387299
96 4.587076784803733
97 4.4627412746132205
98 4.3469619997083
99 4.298536944844382
100 4.288617070719574
101 4.305596045389372
102 4.350592932251778
103 4.446695968130883
104 4.612243572615129
105 4.7060140476159065
106 4.6171180823671145
107 4.443228981180133
108 4.350647149762278
109 4.307524326999579
110 4.29063377815962
111 4.297817530589432
112 4.343888484170508
113 4.458763589867679
114 4.585541252748867
115 4.540130978493531
116 4.34764864009685
117 4.194740969054071
118 4.105567885951641
119 4.045440538108715
120 4.013489278981697
