0 1.0e-20
1 1.0e-20
2 1.0e-20
3 1.0e-20
4 1.0e-20
5 1.0e-20
6 1.0e-20
7 1.0e-20
8 1.0e-20
9 1.0e-20
10 1.0e-20
11 1.0e-20
12 1.0e-20
13 1.0e-20
14 1.0e-20
15 1.0e-20
16 1.0e-20
17 1.0e-20
18 1.0e-20
19 1.0e-20
20 1.0e-20
21 1.0e-20
22 1.0e-20
23 1.0e-20
24 1.0e-20
25 1.0e-20
26 1.0e-20
27 1.0e-20
28 1.0e-20
29 1.0e-20
30 1.0e-20
31 1.0e-20
32 1.0e-20
33 1.0e-20
34 1.0e-20
35 1.0e-20
36 1.0e-20
37 1.0e-20
38 1.0e-20
39 1.0e-20
40 1.0e-20
41 1.0e-20
42 1.0e-20
43 1.0e-20
44 1.0e-20
45 1.0e-20
46 1.0e-20
47 1.0e-20
48 1.0e-20
49 1.0e-20
50 1.0e-20
51 1.0e-20
52 1.0e-20
53 1.0e-20
54 1.0e-20
55 1.0e-20
56 1.0e-20
57 1.0e-20
58 1.0e-20
59 1.0e-20
60 1.0e-20
61 1.0e-20
62 1.0e-20
63 1.0e-20
64 1.0e-20
65 1.0e-20
66 1.0e-20
67 1.0e-20
68 1.0e-20
69 1.0e-20
70 1.0e-20
71 1.0e-20
72 1.0e-20
73 1.0e-20
74 1.0e-20
75 1.0e-20
76 1.0e-20
77 1.0e-20
78 1.0e-20
79 1.0e-20
80 1.0e-20
81 1.0e-20
82 1.0e-20
83 1.0e-20
84 1.0e-20
85 1.0e-20
86 1.0e-20
87 1.0e-20
88 1.0e-20
89 1.0e-20
90 1.0e-20
91 1.0e-20
92 1.0e-20
93 1.0e-20
94 1.0e-20
95 1.0e-20
96 1.0e-20
97 1.0e-20
98 1.0e-20
99 1.0e-20
100 1.0e-20
101 1.0e-20
102 1.0e-20
103 1.0e-20
104 7.586332377875015e-7
105 7.7296922397757e-7
106 7.875086839128496e-7
107 8.022492849054517e-7
108 8.171886193321783e-7
109 8.323242030825998e-7
110 8.476534740091997e-7
111 8.631737903817723e-7
112 8.788824293483624e-7
113 8.947765854051378e-7
114 9.108533688776672e-7
115 9.271098044161917e-7
116 9.435428295075813e-7
117 9.601492930067567e-7
118 9.769259536904652e-7
119 9.93869478836404e-7
120 1.0109764428307951e-6
121 1.028243325807587e-6
122 1.0456665123226074e-6
123 1.0632422900660441e-6
124 1.0809668486167665e-6
125 1.098836278242079e-6
126 1.1168465687465973e-6
127 1.134993608374034e-6
128 1.1532731827657692e-6
129 1.1716809739801696e-6
130 1.1902125595766969e-6
131 1.2088634117689328e-6
132 1.2276288966507283e-6
133 1.246504273499721e-6
134 1.2654846941625826e-6
135 1.2845652025263566e-6
136 1.3037407340803392e-6
137 1.3230061155729766e-6
138 1.3423560647682952e-6
139 1.3617851903064045e-6
140 1.381287991672616e-6
141 1.400858859279767e-6
142 1.4204920746682722e-6
143 1.0e-20
144 1.0e-20
145 1.0e-20
146 1.0e-20
147 1.0e-20
148 1.0e-20
149 1.0e-20
150 1.0e-20
151 1.0e-20
152 1.0e-20
153 1.0e-20
154 1.0e-20
155 1.0e-20
156 1.0e-20
157 1.0e-20
158 1.0e-20
159 1.0e-20
160 1.0e-20
161 1.0e-20
162 1.0e-20
163 1.0e-20
164 1.0e-20
165 1.0e-20
166 1.0e-20
167 1.0e-20
168 1.0e-20
169 1.0e-20
170 1.0e-20
171 1.0e-20
172 1.0e-20
173 1.0e-20
174 1.0e-20
175 1.0e-20
176 1.0e-20
177 1.0e-20
178 1.0e-20
179 1.0e-20
180 1.0e-20
181 1.0e-20
182 1.0e-20
183 1.0e-20
184 1.0e-20
185 1.0e-20
186 1.0e-20
187 1.0e-20
188 1.0e-20
189 1.0e-20
190 1.0e-20
191 1.0e-20
192 1.0e-20
193 1.0e-20
194 1.0e-20
195 1.0e-20
196 1.0e-20
197 1.0e-20
198 1.0e-20
199 1.0e-20
200 1.0e-20
201 1.0e-20
202 1.0e-20
203 1.0e-20
204 1.0e-20
205 1.0e-20
206 1.0e-20
207 1.0e-20
208 1.0e-20
209 1.0e-20
210 1.0e-20
211 1.0e-20
212 1.0e-20
213 1.0e-20
214 1.0e-20
215 1.0e-20
216 1.0e-20
217 1.0e-20
218 1.0e-20
219 1.0e-20
220 1.0e-20
221 1.0e-20
222 1.0e-20
223 1.0e-20
224 1.0e-20
225 1.0e-20
226 1.0e-20
227 1.0e-20
228 1.0e-20
229 1.0e-20
230 1.0e-20
231 1.0e-20
232 1.0e-20
233 1.0e-20
234 1.0e-20
235 1.0e-20
236 1.0e-20
237 1.0e-20
238 1.0e-20
239 1.0e-20
240 1.0e-20
241 1.0e-20
242 1.0e-20
243 1.0e-20
244 1.0e-20
245 1.0e-20
246 1.0e-20
247 1.0e-20
248 1.0e-20
249 1.0e-20
250 1.0e-20
251 1.0e-20
252 1.0e-20
253 1.0e-20
254 1.0e-20
255 1.0e-20
256 1.0e-20
257 1.0e-20
258 1.0e-20
259 1.0e-20
260 1.0e-20
261 1.0e-20
262 1.0e-20
263 1.0e-20
264 1.0e-20
265 1.0e-20
266 1.0e-20
267 1.0e-20
268 1.0e-20
269 1.0e-20
270 1.0e-20
271 1.0e-20
272 1.0e-20
273 1.0e-20
274 1.0e-20
275 1.0e-20
276 1.0e-20
277 1.0e-20
278 1.0e-20
279 1.0e-20
280 1.0e-20
281 1.0e-20
282 1.0e-20
283 1.0e-20
284 1.0e-20
285 1.0e-20
286 1.0e-20
287 1.0e-20
288 1.0e-20
289 1.0e-20
290 1.0e-20
291 1.0e-20
292 1.0e-20
293 1.0e-20
294 1.0e-20
295 1.0e-20
296 1.0e-20
297 1.0e-20
298 1.0e-20
299 1.0e-20
300 1.0e-20
301 1.0e-20
302 1.0e-20
303 1.0e-20
304 1.0e-20
305 1.0e-20
306 1.0e-20
307 1.0e-20
308 1.4204920746682722e-6
309 1.400858859279767e-6
310 1.381287991672616e-6
311 1.3617851903064045e-6
312 1.3423560647682952e-6
313 1.3230061155729766e-6
314 1.3037407340803392e-6
315 1.2845652025263566e-6
316 1.2654846941625826e-6
317 1.246504273499721e-6
318 1.2276288966507283e-6
319 1.2088634117689328e-6
320 1.1902125595766969e-6
321 1.1716809739801696e-6
322 1.1532731827657692e-6
323 1.134993608374034e-6
324 1.1168465687465973e-6
325 1.098836278242079e-6
326 1.0809668486167665e-6
327 1.0632422900660441e-6
328 1.0456665123226074e-6
329 1.028243325807587e-6
330 1.0109764428307951e-6
331 9.93869478836404e-7
332 9.769259536904652e-7
333 9.601492930067567e-7
334 9.435428295075813e-7
335 9.271098044161917e-7
336 9.108533688776672e-7
337 8.947765854051378e-7
338 8.788824293483624e-7
339 8.631737903817723e-7
340 8.476534740091997e-7
341 8.323242030825998e-7
342 8.171886193321783e-7
343 8.022492849054517e-7
344 7.875086839128496e-7
345 7.7296922397757e-7
346 7.586332377875015e-7
347 1.0e-20
348 1.0e-20
349 1.0e-20
350 1.0e-20
351 1.0e-20
352 1.0e-20
353 1.0e-20
354 1.0e-20
355 1.0e-20
356 1.0e-20
357 1.0e-20
358 1.0e-20
359 1.0e-20
360 1.0e-20
