0 5.054322571317215
1 3.902192627031372
2 5.631240547889863
3 2.234945791401464
4 4.448656813659432
5 5.660202511752121
6 4.463396755430498
7 4.274373812348701
8 3.077925935431178
9 3.9443517784242816
10 4.711950261796937
11 3.6928929948258147
12 3.6162270086456147
13 2.4012045874403007
14 3.049442254515691
15 3.784538793458068
16 3.7054244746607643
17 4.055159724877274
18 4.983458752049184
19 3.431264612808295
20 4.796449400278055
21 5.0395717364497195
22 0.6911007435510669
23 2.6232195812934376
24 3.577318667316945
25 4.1774617349108105
26 4.801291533399221
27 5.451673724660243
28 4.896206168459805
29 4.540026403434333
30 2.8229633569752353
31 3.8768160965042378
32 7.304775028137001
33 2.105248752195518
34 3.1122582059994968
35 3.1992386000664284
36 3.4735317618054196
37 1.793291214307691
38 2.929258978073811
39 3.6830989489949872
40 4.098128561180846
41 3.5293753140195743
42 4.509595691701204
43 3.486119247197824
44 2.795802077027887
45 4.866097732652736
46 3.188199384462284
47 4.975390069605697
48 5.1095601675617335
49 4.28105102746713
50 3.782469582758179
51 5.648043686896586
52 5.928470008076812
53 3.813541223872066
54 6.83286911776859
55 5.283030950626683
56 5.713292697099341
57 4.641561101733317
58 4.1739408521138355
59 4.437556071960695
60 5.719483720506695
61 3.431634993726473
62 5.841498432160822
63 4.499243801542025
64 6.2117060326354965
65 7.2545446260021516
66 4.20215789071694
67 4.018559374965651
68 3.26167582281832
69 3.245880892075174
70 5.327053411185511
71 5.2863182497559595
72 3.4626952749071505
73 6.207580971721691
74 2.9465316325721314
75 4.170871965067023
76 6.78809362792723
77 2.2609562068682743
78 4.250450062714761
79 5.951146460871846
80 3.1631796719715344
81 2.3288099510827753
82 3.4357585445022853
83 3.7731849428863424
84 3.6400015982899765
85 3.71101749975866
86 3.8371713793377307
87 3.8872109453755175
88 5.1825090805149125
89 4.086792863254118
90 3.407818181808096
91 3.7027764899977513
92 4.128111470765997
93 4.813569782558271
94 3.775909068152312
95 4.503745476862636
96 4.259449450724537
97 5.388913598270696
98 4.297159477467868
99 4.01097612148112
100 4.203820805016214
101 6.082739205752845
102 4.25279239985247
103 2.529215843861166
104 5.648612625426749
105 3.1117135905541717
106 4.654726719105832
107 5.361207285401272
108 3.029661027872853
109 4.035710247531694
110 3.086459719700762
111 3.478939735555536
112 3.896506417858711
113 1.6209852531892988
114 6.288465745654035
115 1.9189648962973311
116 2.94016425513629
117 2.960194715924981
118 1.8740508815988626
119 4.313909110942996
120 3.4686737374969363
