0 4.011205148292005
1 4.051044143207821
2 4.090047978843399
3 4.145286076976116
4 4.230425636943652
5 4.382803540339491
6 4.62067630681165
7 4.697330594514279
8 4.6114694961959195
9 4.431073090133578
10 4.352062815448225
11 4.332782600354929
12 4.336938370517234
13 4.3477050668333765
14 4.366742105945638
15 4.373090209153588
16 4.366442474339632
17 4.3524249608654895
18 4.335299386323382
19 4.333093280283408
20 4.347822550498665
21 4.431475898970909
22 4.613338268969195
23 4.699653694994077
24 4.6188955094656965
25 4.376521787361666
26 4.2324074861389605
27 4.14614578625162
28 4.0900163886869905
29 4.049105054780748
30 4.012486290677558
31 4.046698302252624
32 4.102718805277841
33 4.19199900447315
34 4.3491432111814
35 4.537269377526983
36 4.585862534972786
37 4.460394257112396
38 4.3446833782887895
39 4.296326750533396
40 4.290519438017306
41 4.308322685569276
42 4.349294618111025
43 4.444667423084915
44 4.614018728110092
45 4.70994626519826
46 4.611156392108335
47 4.443758295515097
48 4.351008443283309
49 4.304040776872985
50 4.28939678991842
51 4.297953744230748
52 4.344470109955689
53 4.461179714889734
54 4.588370408470065
55 4.542362296905698
56 4.347851746323229
57 4.1929097718687505
58 4.102501951826529
59 4.046988315060683
60 4.013194470597617
61 4.052235377748153
62 4.094615593409796
63 4.144709397257911
64 4.22933640917101
65 4.381968248334829
66 4.620848759234456
67 4.699528542160569
68 4.612737392885701
69 4.429975797684911
70 4.355874516415181
71 4.329348603771821
72 4.333534369760202
73 4.350974036310072
74 4.3675591665312945
75 4.374607265158592
76 4.365550347519719
77 4.350332658851123
78 4.334306739538169
79 4.330663094831044
80 4.353870588880479
81 4.431727414913246
82 4.614344356228618
83 4.700624382442622
84 4.618042936736687
85 4.381549624369456
86 4.2277377994336085
87 4.145493222406199
88 4.091037227751609
89 4.04819389344808
90 4.011900237332428
91 4.046282116021259
92 4.102802607441648
93 4.195410552546375
94 4.346800234070753
95 4.5397039204254135
96 4.586943203322081
97 4.459675008279742
98 4.345831876680813
99 4.2957728216022835
100 4.28613746959404
101 4.305153193362692
102 4.352673294398538
103 4.446681271653554
104 4.612520204655762
105 4.707315375034866
106 4.614218065549691
107 4.445007147322137
108 4.352482205593598
109 4.302628229059862
110 4.288486544771266
111 4.2971960442691
112 4.3461822305297275
113 4.459561246310027
114 4.587724620744479
115 4.5399582172153
116 4.3444316368335905
117 4.194670294830623
118 4.103949153557306
119 4.04689082635858
120 4.012122081600105
