0 4.663391249928457
1 4.663332049810377
2 4.665798974832813
3 4.665568833647766
4 4.6636854942880515
5 4.663821653857243
6 4.663486610208446
7 4.662265279559478
8 4.6598959352208835
9 4.663348123739437
10 4.664227373738211
11 4.66294455010118
12 4.6646918124432135
13 4.663068788950901
14 4.663511010696713
15 4.6624851779058725
16 4.662972667411079
17 4.6634808295572965
18 4.664091992748383
19 4.665203702191935
20 4.6646598117610445
21 4.667250705229708
22 4.663683340397111
23 4.6640807406558045
24 4.6618947158878505
25 4.664775168268263
26 4.664622139145527
27 4.662714985827352
28 4.664315394999432
29 4.6613550361054195
30 4.664264881990057
31 4.665062628656261
32 4.663384040014218
33 4.6637567249319885
34 4.665311557317195
35 4.663401864731667
36 4.663758803634731
37 4.661906557005636
38 4.663770944769555
39 4.663903649617424
40 4.666034295952504
41 4.662226303714988
42 4.662988945272415
43 4.660452965123502
44 4.660836423989763
45 4.66362401672898
46 4.660340381676922
47 4.665539248334611
48 4.664461404441761
49 4.663665805907222
50 4.663584497092454
51 4.664848653036341
52 4.663713034012066
53 4.661630859284638
54 4.667545074759278
55 4.663064271358893
56 4.662192511081385
57 4.664032744803611
58 4.6630961533813196
59 4.666453257778486
60 4.665468072079016
61 4.665138429232425
62 4.661408388906432
63 4.66401131455801
64 4.66233879888614
65 4.6624636753520265
66 4.663108104958979
67 4.662135749352878
68 4.66625820910834
69 4.663369896525407
70 4.663349249185322
71 4.664844444084647
72 4.662486334512843
73 4.662503895673764
74 4.663466255918769
75 4.662195668160004
76 4.661737766803685
77 4.66160497829345
78 4.66241194707762
79 4.663469614525693
80 4.663873301779383
81 4.662036462725815
82 4.661373375413594
83 4.663346438482452
84 4.661614595808701
85 4.663588499685522
86 4.664788935743863
87 4.662297940940259
88 4.660817844056701
89 4.662842934295184
90 4.66293948697418
91 4.666272438793079
92 4.661489588619438
93 4.662116374204049
94 4.663252842767253
95 4.66131158750043
96 4.661034430948144
97 4.6666625287090655
98 4.662798404056314
99 4.665654044034799
100 4.662793593178728
101 4.663979587664244
102 4.664003756914889
103 4.662527883731282
104 4.66454428806342
105 4.662898495365862
106 4.662453187746729
107 4.663625341395729
108 4.666370370464511
109 4.6638145452399185
110 4.6641371780243155
111 4.664329431523188
112 4.663104151269358
113 4.666020658888452
114 4.662419949760172
115 4.662526584534254
116 4.661315354616996
117 4.665049909505337
118 4.663280874367215
119 4.6626988605802975
120 4.663788357643897
