0 1.2416159245309104
1 1.2190537636808503
2 1.1992282905477898
3 1.1685566277463009
4 1.1191027115789491
5 1.0299099985515219
6 0.891907313349719
7 0.849696751762298
8 0.9010875650157457
9 1.0110975917544949
10 1.058502575903365
11 1.0695858962936577
12 1.068241237451137
13 1.0619505470996002
14 1.0526572484082033
15 1.0465222751803567
16 1.0520772604261637
17 1.0593875179615393
18 1.0677477290547295
19 1.0707334809250098
20 1.0598641537199383
21 1.0129624736706286
22 0.9028176373736024
23 0.8489294694562307
24 0.8899347455668635
25 1.0332729665991478
26 1.118465877600043
27 1.1668886308460034
28 1.1987637732033627
29 1.2199199457738037
30 1.2417682349834758
31 1.2227804811806944
32 1.1903406896230093
33 1.1383384889615538
34 1.047141703935963
35 0.9355179982698627
36 0.9096810451688438
37 0.9875063348854549
38 1.0594973516114712
39 1.0879853995985536
40 1.0936864110954303
41 1.0827568567588992
42 1.058949021061659
43 1.0022164548855563
44 0.9067214777545485
45 0.8537721645810558
46 0.9080449623141403
47 1.005951914314093
48 1.0587443909400316
49 1.0841113553285047
50 1.0918185798045665
51 1.08758726246529
52 1.058459588378212
53 0.9863334357059038
54 0.9116492274781587
55 0.9341912052375289
56 1.0460084586704461
57 1.1380032383616552
58 1.1905973439308515
59 1.223883376902146
60 1.241888825241894
61 1.2212570047511395
62 1.1944380101798895
63 1.1676950114982154
64 1.1180067636562225
65 1.0302573649619842
66 0.8912958075509075
67 0.8479194294758815
68 0.9034669055027609
69 1.0110859514148962
70 1.0560161248447109
71 1.072139253984732
72 1.0693864688799488
73 1.059210309696973
74 1.051141111744212
75 1.046052242566269
76 1.050028139901281
77 1.0610944110223215
78 1.068398845073495
79 1.0701957970393399
80 1.0564170086358724
81 1.010832946299752
82 0.9005503061781658
83 0.8479048995248998
84 0.8919200079300587
85 1.0303341825686743
86 1.1205708599076019
87 1.1659184702656955
88 1.1968996058258985
89 1.2212177482364173
90 1.2422426349811848
91 1.2250950524192228
92 1.1898536497156607
93 1.1353476099525603
94 1.0474149299609714
95 0.9342492319835098
96 0.909102254572373
97 0.9891659890128316
98 1.0572755640603755
99 1.0889734831234321
100 1.0939234832532159
101 1.084778748795017
102 1.0572726755031219
103 1.0037824956815802
104 0.9095752833001646
105 0.8547375669099498
106 0.9080756072442379
107 1.0029318493915353
108 1.0594153732830165
109 1.085285246249273
110 1.0936116363670787
111 1.0875249412012968
112 1.057230823574748
113 0.99015367718327
114 0.9098380837709751
115 0.934198284051306
116 1.0478192117690202
117 1.1371103296524327
118 1.1914612549471
119 1.2214003469276198
120 1.2417311529327006
