0 0.41389418966462416
1 0.40530063965964613
2 0.39697013573345946
3 0.3843798840939348
4 0.364689920188188
5 0.32721815479979177
6 0.27014838764054466
7 0.2517718181336395
8 0.2754753106953758
9 0.3208343432542459
10 0.340492123362563
11 0.3468729478695581
12 0.34666638829908336
13 0.34346245416401117
14 0.3396437844136065
15 0.3377423779920083
16 0.3397434103005765
17 0.3429855069339891
18 0.3454176520707376
19 0.3465060109591376
20 0.3408030283166901
21 0.3208130760294024
22 0.2753039709909433
23 0.25244793947677724
24 0.27084962742891133
25 0.32727110383767344
26 0.3641672191329992
27 0.384806452699738
28 0.3969692339068637
29 0.4049955854764058
30 0.41401025173324707
31 0.40632888852162885
32 0.39234971223264425
33 0.3716846534516632
34 0.3337469831202536
35 0.28686056242427055
36 0.27799274856437745
37 0.3113479715948129
38 0.3400449133209586
39 0.3530962279440798
40 0.35576733873300426
41 0.35106935645917053
42 0.340510094173648
43 0.31907509320395677
44 0.27997077430441264
45 0.25781719259470076
46 0.27826436228586743
47 0.31913114181105423
48 0.34080547066189804
49 0.35184041553445006
50 0.3551394206475998
51 0.35232565886309
52 0.34028294966951494
53 0.31103964644899185
54 0.27800675368453903
55 0.28761778249805786
56 0.3336823307704197
57 0.37089874575381254
58 0.39230635373752376
59 0.4062390349581363
60 0.4142050733950111
61 0.40550863683696725
62 0.39618570248577545
63 0.38543111006969377
64 0.36425522459651877
65 0.3283451728531105
66 0.2707118335741619
67 0.25200795201990644
68 0.2759971786218763
69 0.3216300406568191
70 0.3398148323485858
71 0.34635701547460435
72 0.3458177831166698
73 0.34308988184766853
74 0.3389346793988026
75 0.33742296443004743
76 0.3391098789161624
77 0.34276307586545945
78 0.3461901346897638
79 0.3466662358288428
80 0.3405161046839479
81 0.321291002808537
82 0.27553322140782804
83 0.2525309437810969
84 0.27134563355170793
85 0.3273870793213814
86 0.3645453872676263
87 0.38530766655856924
88 0.3975277592372576
89 0.4052220980731954
90 0.41353207518271484
91 0.4057982096337812
92 0.39265972627682655
93 0.37109714724068904
94 0.334279504246449
95 0.28677520218213265
96 0.27796127538391463
97 0.3103834162705863
98 0.34129077293578747
99 0.35193451245276147
100 0.35461510153069653
101 0.3518647473144019
102 0.34134316126241915
103 0.3186752222956654
104 0.27994088133435907
105 0.25680187364057866
106 0.2786641625643143
107 0.31875940813033443
108 0.3414301647223168
109 0.3520181016393714
110 0.3552635237495167
111 0.3520847249271355
112 0.3397007954233386
113 0.31120924029926333
114 0.2780238363606625
115 0.287831506040863
116 0.33433207136359006
117 0.3714490791476332
118 0.3920295608511458
119 0.4063120215566441
120 0.4144345623892156
