0 2.590144123829509
1 2.5904016474109386
2 2.5905544748011238
3 2.5910036610244274
4 2.5903782988211423
5 2.590027486184745
6 2.589950346982025
7 2.5904883751307985
8 2.5898406454329153
9 2.590179702347611
10 2.5903958607004656
11 2.5906728312313985
12 2.5901727174310194
13 2.590718059331878
14 2.590771489228849
15 2.590699822937533
16 2.5902501876791684
17 2.5903787891737227
18 2.5904880990043524
19 2.590478221344755
20 2.590288070529305
21 2.59021743717642
22 2.5900943728437977
23 2.59046706531402
24 2.5907120274201696
25 2.5902026380004375
26 2.5900747517901106
27 2.5911184009502075
28 2.5906840575668952
29 2.5898589927446984
30 2.59054279572492
31 2.590779380841279
32 2.5902755157539654
33 2.590698156990868
34 2.59063954102914
35 2.5907385665606317
36 2.5903928649386114
37 2.5903441185070912
38 2.5902248830969374
39 2.590148118381021
40 2.590233658322047
41 2.589883303863161
42 2.5907039976996904
43 2.5900047048859927
44 2.590612169292618
45 2.5903489553173027
46 2.5897044345470506
47 2.5913490118872526
48 2.590537463956739
49 2.591033824876781
50 2.5906217569325634
51 2.5901793665697808
52 2.5899277195566333
53 2.590545460383049
54 2.5906130450796496
55 2.5903581771552315
56 2.5901785079588597
57 2.589926090121231
58 2.590801029127968
59 2.590563970779984
60 2.59070294530302
61 2.5897497307962456
62 2.5896297062140397
63 2.590486441783365
64 2.5900949354570635
65 2.5904825365293878
66 2.590603535707446
67 2.590430129157243
68 2.5906276089205598
69 2.5907802664989994
70 2.5902105338295844
71 2.590867501626245
72 2.590588583518093
73 2.59050874042818
74 2.5903935698126097
75 2.5905868471140425
76 2.5901654187309853
77 2.5906075755269313
78 2.590569806630736
79 2.5909221972206384
80 2.5904213799147313
81 2.590126438750014
82 2.59028560432844
83 2.590926430011093
84 2.590743017551292
85 2.5901005150001657
86 2.5910256930324183
87 2.5906891534530927
88 2.5911562413814866
89 2.5899551072217863
90 2.5902633006601126
91 2.590442913691795
92 2.590080091064504
93 2.5908993817877053
94 2.5909072102872446
95 2.590257546816871
96 2.5905056235988675
97 2.5900828500111057
98 2.5905636512067614
99 2.5893264150820423
100 2.5907589983848966
101 2.5903489437628435
102 2.5902416545569302
103 2.5905999210873056
104 2.590523116959351
105 2.590819258513996
106 2.590499311188391
107 2.5902962526487343
108 2.590834975624895
109 2.590457194813319
110 2.5907478771610446
111 2.590864998659538
112 2.590495444841438
113 2.5902512516035623
114 2.590435843447044
115 2.5912953316874408
116 2.590384042348408
117 2.5905608592495746
118 2.590565178641722
119 2.589576135806212
120 2.590421928535777
