0 2.367567822378221
1 2.3824331476178298
2 2.395357464881227
3 2.4155373100921174
4 2.445725601907595
5 2.502436010344796
6 2.5905727166653554
7 2.6200308720474847
8 2.5857119986458694
9 2.517226804743514
10 2.4881361124360915
11 2.4794801204010537
12 2.4797449943361642
13 2.4853207522521052
14 2.4911129550110815
15 2.4944187762626213
16 2.490491587125455
17 2.485372938449082
18 2.4813935139932544
19 2.4794468942112533
20 2.487894455588084
21 2.517510888304516
22 2.5856806828531975
23 2.6191184873189717
24 2.5897339217051796
25 2.5026197143532065
26 2.446289494687171
27 2.4153163731415748
28 2.3957440122138673
29 2.3817443091839996
30 2.368020722511621
31 2.3803205089345
32 2.402103328074095
33 2.433223955430822
34 2.491363429576378
35 2.5623339595730643
36 2.578069965575516
37 2.529355620757135
38 2.486000159643938
39 2.467762183184342
40 2.4636092532298886
41 2.4710881863935525
42 2.4884503452915867
43 2.5209240668083663
44 2.581937213318479
45 2.6169051963664103
46 2.5844829896414634
47 2.5219919638775896
48 2.4878006052340154
49 2.470790338025357
50 2.464853548537105
51 2.46828869116727
52 2.486242097368817
53 2.529961783885488
54 2.5779804941637474
55 2.56116583879631
56 2.4909505762665787
57 2.43427672680157
58 2.402508949558363
59 2.3800298466965626
60 2.3677431862555696
61 2.381311153073883
62 2.3957614177971327
63 2.41399666731096
64 2.4462006556145806
65 2.5014845948220072
66 2.589980449719895
67 2.6193954505257273
68 2.5856776910839856
69 2.5164881584941905
70 2.4893169606827894
71 2.4801067944231256
72 2.4804775837244346
73 2.4859404816046644
74 2.4917809732034857
75 2.494401933367089
76 2.491628402365033
77 2.485916409078353
78 2.4807051911607423
79 2.479366530583888
80 2.4878271593373693
81 2.5168247845917415
82 2.5853909499830987
83 2.6197153793725794
84 2.588657977045422
85 2.5025626350710044
86 2.446142594528282
87 2.414275778857931
88 2.3950636467827495
89 2.381669404761742
90 2.3683875442746523
91 2.381153262349219
92 2.401275539159049
93 2.4351330544026815
94 2.4905724057850236
95 2.5626413014396334
96 2.5781356238477757
97 2.529885449535049
98 2.484616354832867
99 2.46852904548587
100 2.4659012156548257
101 2.469974676543266
102 2.4864937122573845
103 2.5224135090690893
104 2.581902907240389
105 2.618407023206071
106 2.585003784051658
107 2.5215943125294547
108 2.486773598696502
109 2.4705876338435298
110 2.4652556543216804
111 2.4694014398511954
112 2.4864484124311055
113 2.5293847460805976
114 2.5777721828058877
115 2.5619311170861123
116 2.490396094053602
117 2.433576182602678
118 2.4020906843497665
119 2.380017553596124
120 2.3674148100512302
