0 4.183488466022566
1 4.309876286525832
2 4.233526797282696
3 4.33055961593702
4 4.273824157624833
5 4.390409056913263
6 4.546940988162401
7 4.634661450758164
8 4.276297965389789
9 4.654012623558057
10 4.30455361512466
11 4.596134444126613
12 4.490052106565193
13 4.178065098598086
14 4.499273949034959
15 4.218253247881893
16 4.5284086803471
17 4.402012816795659
18 4.2064365601893865
19 4.285413478984998
20 4.071206843034422
21 4.372067390997212
22 4.6352175547171495
23 4.742498787306272
24 4.847674491883299
25 4.245251198310256
26 4.225075811911079
27 4.117845526950021
28 4.367667602818473
29 3.776125579373117
30 3.9215307506197883
31 4.068230474774471
32 3.9426920580241704
33 4.261946147006475
34 4.3318972186984395
35 4.625412922551422
36 4.5576951795184595
37 4.867236995941535
38 4.314204089937388
39 4.392066167026604
40 4.062993797687897
41 4.528369764707084
42 4.276768964673258
43 4.324322219987353
44 4.99626284849085
45 4.7239347044444395
46 4.316521687953518
47 4.3738431057462135
48 4.633973039220741
49 4.207481424573616
50 4.382487672732492
51 4.459919796024865
52 4.409940658542092
53 4.614747860254534
54 4.352928941181014
55 4.3521739558893255
56 4.128447138240358
57 4.2043360448398595
58 4.019703515620863
59 3.853168380735047
60 3.892043434627057
61 4.018164689671987
62 4.020508265115731
63 3.824822624848504
64 4.6042181180764326
65 4.916035899344615
66 4.537156940938292
67 4.518955842582291
68 4.8099141083884644
69 4.412072855665968
70 4.286390521834845
71 3.9549233748709782
72 4.265739785076536
73 4.334387873253294
74 4.470233371892877
75 4.140208778959158
76 4.82000242909316
77 4.285358177474252
78 4.470017753149238
79 4.499404446232415
80 4.168718697185202
81 4.498957754230739
82 4.596469429019991
83 4.576024394567694
84 4.566781219904893
85 4.177956568928031
86 4.263078475007942
87 4.085316926199766
88 4.019026303227323
89 3.8448057342092894
90 3.871062916731453
91 3.940473279042844
92 3.8253954076532244
93 4.242782790443003
94 4.458235501885365
95 4.671750487081572
96 5.052157432494455
97 4.479745964969134
98 4.1580262261876
99 4.246434103559607
100 4.498848444490132
101 4.334692839581239
102 4.488638540108829
103 4.5771613682753545
104 4.548585202498606
105 4.821758339498428
106 4.674879245471835
107 4.479379603003769
108 4.62530139143039
109 4.100664050747272
110 4.450225186375215
111 4.3341570270201375
112 4.430863009547209
113 4.10914375569357
114 4.614070716368349
115 4.547632691885608
116 4.127780726799136
117 4.146057506500595
118 4.049741585007211
119 4.038402310079502
120 4.123993242838962
