0 0.8368184326144263
1 0.7605885638583844
2 0.5714814917899844
3 0.7782373637091385
4 0.7092413074630464
5 0.6521114827072018
6 0.642861088604618
7 0.6141178381504402
8 0.8712098915535132
9 0.5872581733053287
10 0.6961452886782318
11 0.6843631041445929
12 0.6730345212589544
13 0.7535086697878056
14 0.9140495398721069
15 0.8478798239899328
16 0.6951257638567847
17 0.8795049139100947
18 0.8898792515449031
19 0.6799603863208463
20 0.7583869317618219
21 0.8080113760470452
22 0.7173384462793305
23 0.6951381514550807
24 0.6350219768298251
25 0.8056493192783002
26 0.8616363714609008
27 0.7101377383256222
28 0.7348262190058995
29 0.8744092305210169
30 0.9241825194888936
31 0.9166491429401037
32 0.9336261755619505
33 0.7182406450157641
34 0.7519023304585059
35 0.6168692215194199
36 0.6656439988921281
37 0.4729484243693753
38 0.721399784444879
39 0.6415410749604753
40 0.829132599181764
41 0.6120461448776249
42 0.8686611344171763
43 0.7043773154596553
44 0.5190050717997235
45 0.5815672034814575
46 0.6749371136964498
47 0.5874645976659837
48 0.6382736206554687
49 0.7356376433528427
50 0.7441810070074857
51 0.8453548395447483
52 0.7207293988806847
53 0.6338080620465592
54 0.5083874931506228
55 0.7284073069971803
56 0.9588938448673042
57 0.7348189939141512
58 0.9848626512116945
59 0.9605117401291023
60 0.9389275488841432
61 0.8166727311671937
62 0.833239767252195
63 0.9152142412473233
64 0.713972264846878
65 0.5137494734530779
66 0.6460128793333678
67 0.6036116233157771
68 0.5460068548072659
69 0.6970912221673534
70 0.650024033829875
71 0.8304616361453222
72 0.8470618891218676
73 0.7381867669169199
74 0.658144555187246
75 1.0385108037875768
76 0.7146191568363878
77 0.9080603920179396
78 0.7220982205382152
79 0.6357934559513541
80 0.8879387131344311
81 0.7325593763827513
82 0.5941947890866317
83 0.7146156186175137
84 0.5080473527884192
85 0.6968550833999424
86 1.0085589053130006
87 0.8644016792112279
88 0.8939023725205962
89 0.8575368007568157
90 0.8512264681813447
91 0.9394045402521032
92 1.001375512727024
93 0.8525513620649402
94 0.6441645354826696
95 0.7597055421670593
96 0.42324164681641585
97 0.7735373773810393
98 0.7343372971806906
99 0.835413938747663
100 0.6498642002043296
101 0.6918529289319291
102 0.7124204815729991
103 0.594942184234236
104 0.6602361674620536
105 0.6185045577868887
106 0.6714373631615067
107 0.6677398363610701
108 0.6791014034415389
109 1.0273268594288807
110 0.6797519998458607
111 0.7186227614605016
112 0.6797147738148344
113 0.996852631615371
114 0.5035526444048098
115 0.6757794580335817
116 0.687953991933409
117 0.8968647879790224
118 0.8652685897189548
119 0.8560256270616925
120 0.741929257906785
