0 1.5755585488019064
1 1.575558552157889
2 2.41054493841362
3 2.734525123018228
4 2.410544940637423
5 3.277163809356254
6 2.7345251263458508
7 2.033432281129412
8 2.410544936372501
9 2.7345251207599275
10 2.0334322881034512
11 3.2771638100282496
12 2.7345251261795966
13 3.2771638123185682
14 2.0334322906572426
15 1.5755585445262539
16 3.020344799476393
17 2.7345251249380595
18 2.410544944737275
19 3.7262729180119374
20 2.4105449433556703
21 3.020344801764204
22 2.0334322803317235
23 1.5755585385315232
24 3.72627291636729
25 2.410544944568509
26 3.0203448011604914
27 3.9259429174325846
28 2.0334322879218316
29 3.0203448007960056
30 2.033432284255008
31 3.5110531922240793
32 3.020344798710629
33 3.020344798941449
34 2.734525121645808
35 2.410544939649647
36 2.4105449370640204
37 3.5110531884259792
38 2.410544939653439
39 3.020344801241518
40 2.4105449444303475
41 3.0203447978509534
42 0.9741032257305824
43 0.974103217026855
44 1.575558550033804
45 3.2771638090328477
46 2.0334322820727646
47 3.020344797132006
48 2.410544939289851
49 2.73452512542286
50 2.033432288339597
51 2.734525121192315
52 2.410544939548301
53 2.734525118936138
54 2.7345251218624163
55 2.7345251204380623
56 1.575558549328892
57 2.4105449388445788
58 0.9741032248348459
59 2.410544943791388
60 1.5755585518298008
61 1.5755585514292925
62 2.734525125105133
63 2.4105449402281094
64 3.020344800756197
65 2.0334322912942597
66 2.410544939000635
67 2.7345251192567033
68 2.0334322844956443
69 2.033432286346098
70 2.0334322854865827
71 2.033432291676292
72 2.734525122787905
73 2.4105449415877107
74 2.4105449415278977
75 2.4105449439470465
76 2.410544942139675
77 2.0334322883929845
78 0.9741032255114176
79 3.2771638091833473
80 2.4105449436256827
81 2.0334322880424276
82 2.033432290946428
83 2.0334322822792363
84 2.033432288525627
85 3.2771638106791032
86 2.410544938837527
87 2.033432287932963
88 1.5755585512713866
89 2.410544941234332
90 2.0334322888917398
91 2.0334322879412325
92 2.4105449407572994
93 2.734525122593261
94 2.73452512505693
95 3.020344798030935
96 2.0334322826250553
97 2.4105449430439045
98 2.4105449390448954
99 2.7345251252765004
100 3.020344799955225
101 1.5755585479050767
102 2.0334322911693348
103 2.0334322867476624
104 2.033432285403217
105 3.0203447968869774
106 4.28755880949155
107 3.020344799278287
108 2.033432288855196
109 3.0203447997545694
110 2.033432290476677
111 2.4105449392190215
112 2.4105449392582585
113 2.7345251196728957
114 2.7345251174154623
115 1.5755585508571772
116 3.511053190145056
117 3.277163812172422
118 0.9741032247181903
119 2.734525127148488
120 3.277163811033844
