0 1.0277396162927686
1 0.9035895022868565
2 0.0
3 0.0
4 0.0
5 0.0
6 0.0
7 0.3627741510088791
8 0.0
9 0.2380838892517363
10 0.03031568038085064
11 0.0
12 0.0
13 0.0
14 0.5224074643719407
15 0.7963902474557547
16 0.0
17 0.0
18 0.0
19 0.0
20 0.3181977103157685
21 0.0
22 0.0
23 0.5674701280192218
24 0.0
25 0.11062864478939494
26 0.0
27 0.0
28 0.5976330059969408
29 0.0
30 0.4145108908531938
31 0.0
32 0.0
33 0.0
34 0.0
35 0.0
36 0.0
37 0.0
38 0.5782224224850028
39 0.0
40 0.3441771308882178
41 0.0
42 1.7364140650711632
43 1.805060060494637
44 1.1639207847131823
45 0.0
46 1.0152896042141433
47 0.0
48 0.0
49 0.0
50 0.26374010359416644
51 0.0
52 0.6667607403037072
53 0.0
54 0.04649217308979425
55 0.0
56 0.9565721429686922
57 0.0
58 1.625591887434859
59 0.0
60 0.825328359067852
61 0.9809913213566519
62 0.0
63 0.5472075211586569
64 0.0
65 0.6978674430050575
66 0.0
67 0.0
68 0.726746265128515
69 0.0
70 0.6844293228303879
71 0.3724399374192906
72 0.0
73 0.03333648982960824
74 0.0
75 0.00948313068179063
76 0.23535009888896985
77 0.9935161097224139
78 0.5808294892012945
79 0.0
80 0.28876768935832464
81 0.9831043956145193
82 0.0
83 0.6277226100837896
84 0.0
85 0.0
86 0.0
87 0.7930566166703459
88 0.15733490641693093
89 0.0
90 0.2839212696872391
91 0.7746033589087795
92 0.0
93 0.0
94 0.0
95 0.0
96 0.6330557719019891
97 0.3906792836492685
98 0.0
99 0.0
100 0.0
101 0.3465581408318166
102 0.0
103 0.48335189412335655
104 0.6830752789956276
105 0.0
106 0.0
107 0.0
108 1.086501944209656
109 0.0
110 0.6856522087543881
111 0.3629972014266536
112 0.0
113 0.0
114 0.014408950150893052
115 0.7993299511990575
116 0.0
117 0.0
118 2.176629068049946
119 0.0
120 0.0
