0 2.603298165094675
1 2.4791480544447455
2 1.7326562136631432
3 2.3113162444386877
4 1.866209247840145
5 2.26228405924572
6 2.360056651507584
7 2.396206432138291
8 2.38392631083359
9 2.9726090100116638
10 2.063747968484302
11 3.0261141651156382
12 2.211307216124939
13 2.2747430099929473
14 2.5558397550291834
15 2.3719487919820086
16 2.4371245424451864
17 2.6436355190822893
18 2.341195488571468
19 3.0502019133210507
20 2.7287426536714388
21 2.548579660630161
22 1.8707902353923749
23 2.143028666550745
24 2.0801647595356583
25 2.521173589357904
26 2.4371221408880968
27 1.749717916466267
28 2.6310652939187724
29 2.286386458354863
30 2.4479431751082017
31 2.3517460692566026
32 2.729137302668829
33 2.192719170245334
34 1.7399220984258779
35 1.1130572339332256
36 1.2307183336869352
37 2.554453509412346
38 2.9887673621384416
39 2.0073376850111595
40 2.7547220753185653
41 2.2247641426332874
42 2.7105172908017456
43 2.779163277521492
44 2.7394793347469863
45 2.301866663364115
46 3.048721886286908
47 2.3457235601053075
48 2.199124550975238
49 2.656585326289527
50 2.2971723919337634
51 2.0810825738238243
52 3.0773056798520084
53 2.096263533876606
54 2.7810172949522105
55 2.7309307478478195
56 2.532130692297584
57 1.9966460432696345
58 2.5996951122697047
59 1.8597292160713237
60 2.4008869108976527
61 2.5565498727859444
62 2.0102505706341502
63 2.9577524613867663
64 1.8831929126356848
65 2.7312997342993173
66 2.31711717855897
67 2.245545339370719
68 2.7601785496241593
69 1.8431513975536682
70 2.7178616083169707
71 2.4058722290955825
72 1.3975381968786227
73 2.443881431417319
74 2.0802187649968977
75 2.420028074628837
76 2.645895041028645
77 3.0269483981153984
78 1.554932714712712
79 2.68740503128073
80 2.6993126329840074
81 3.016536683656947
82 1.9835061884707128
83 2.661154892363026
84 1.4344788320138824
85 2.7140425544693327
86 2.1492346443424997
87 2.826488904603309
88 1.7328934576883175
89 2.222022773781696
90 2.317353558578979
91 2.808035646850012
92 2.1919404620808893
93 2.5942376221671024
94 2.64994991861966
95 2.355644765753874
96 2.6664880545270444
97 2.801224226693173
98 1.5437603616469984
99 2.488191283459366
100 2.5590905874602354
101 1.9221166887368932
102 1.8390178037894562
103 2.516784180871019
104 2.7165075643988446
105 0.896257344733668
106 2.4833438716860945
107 2.703740790834794
108 3.119934233064852
109 2.466910266426733
110 2.719084499231065
111 2.773542140645675
112 2.3560339972082036
113 2.684663064704713
114 2.7489340675663554
115 2.3748885020562347
116 3.107369057911691
117 2.3375739261099353
118 3.150732292768136
119 2.6784603085047487
120 2.323176369835349
