0 2.4028597279688344
1 2.4023658344188776
2 2.402698566862685
3 2.4021706094361135
4 2.402436761412151
5 2.402672033405709
6 2.4028041153065867
7 2.402690217411133
8 2.402889232499873
9 2.4029615444394583
10 2.4024116085064486
11 2.402542841792722
12 2.4021281677367026
13 2.4028295688131456
14 2.402507506258955
15 2.4026243144036648
16 2.4032130616718637
17 2.4024114631892703
18 2.402196278858221
19 2.4022464752345734
20 2.4025685079909653
21 2.4029719604111777
22 2.403252361691112
23 2.402828211895391
24 2.4025398424104534
25 2.402240812019265
26 2.402898009887044
27 2.403141451058644
28 2.402277361838329
29 2.403167110246344
30 2.402722245664484
31 2.402447375265348
32 2.4031880049599295
33 2.4022418459680925
34 2.403535014515238
35 2.4029852785591888
36 2.4029357030789633
37 2.40258902759947
38 2.4028934497166254
39 2.4028362651709063
40 2.403056954861925
41 2.402729809232627
42 2.402423460019974
43 2.4028117636541055
44 2.402905371073516
45 2.4025474821990223
46 2.402650883083831
47 2.403582202558439
48 2.4027707025100096
49 2.4031002818649094
50 2.4028723148311912
51 2.402727310336437
52 2.4022417985905196
53 2.402232880764522
54 2.403041122277091
55 2.4028997416013747
56 2.4030325081938035
57 2.4028540651871397
58 2.403121107840508
59 2.4030268957837166
60 2.4032112481705656
61 2.402254049499257
62 2.4033768018627364
63 2.402845219161955
64 2.4030742391513136
65 2.4023856651693443
66 2.4028420357765503
67 2.4030449425718383
68 2.4030316567433316
69 2.4027450296810398
70 2.4027647540043287
71 2.403487242612278
72 2.4027764002644383
73 2.40281614793966
74 2.402790876069129
75 2.402884491692757
76 2.402961592430859
77 2.4029702180407786
78 2.402329299411978
79 2.4030688547290593
80 2.4030490214213356
81 2.402761653928894
82 2.4033303951744145
83 2.4024688578040476
84 2.402901973664262
85 2.40339614749794
86 2.4027294486070936
87 2.4031127950909394
88 2.402544203387631
89 2.4029242307226246
90 2.4028611428124296
91 2.4025049087370065
92 2.4027280567492713
93 2.4029815748991608
94 2.402709323591127
95 2.403005366258259
96 2.402489132270675
97 2.402521344552672
98 2.4029266328361536
99 2.4024516125123383
100 2.4028263457480836
101 2.4032691285013064
102 2.402716619936436
103 2.4031452058416365
104 2.402208445272987
105 2.4028859677058305
106 2.403164553935862
107 2.4028489000299813
108 2.4030829515559793
109 2.4028866652004592
110 2.402691829321251
111 2.4031360028512507
112 2.4026778433213005
113 2.403178836867598
114 2.403098479737376
115 2.403329758314235
116 2.40372929165441
117 2.40307402373682
118 2.402968189570592
119 2.402603829066397
120 2.4029867867642105
