0 2.369058385301821
1 2.3814433705221796
2 2.395492622366185
3 2.415698250996243
4 2.445783358511071
5 2.501798577932037
6 2.590914980184894
7 2.619271966225447
8 2.585664318138668
9 2.5158049551760975
10 2.4879614311233196
11 2.4784376565180164
12 2.4798768090889673
13 2.4858576180260754
14 2.493124466016911
15 2.4932520469040997
16 2.492456197153023
17 2.485994237098486
18 2.4799335641168625
19 2.4793250584253794
20 2.488118716824007
21 2.516462001301435
22 2.5857580088096
23 2.618865248289972
24 2.5899522125976073
25 2.5025654358466314
26 2.4456098224521146
27 2.4153520950126826
28 2.3953246064394578
29 2.3818594211635813
30 2.36710501669145
31 2.3800126818933958
32 2.4015137158293163
33 2.434714755997992
34 2.490334769372906
35 2.5615641786633128
36 2.5779896528933945
37 2.5310136256884057
38 2.4857950505242434
39 2.468109890567957
40 2.4640705470608024
41 2.4713077014440215
42 2.486441196752975
43 2.5220889902070454
44 2.582963243328397
45 2.6174704946408953
46 2.583609261092478
47 2.521727562542943
48 2.487196503558196
49 2.470884239963716
50 2.4660506044529957
51 2.469479563627961
52 2.4846590963035298
53 2.5295913914279855
54 2.5784419081017442
55 2.5617766738010608
56 2.4916912380169385
57 2.4332176965466217
58 2.4017514210820274
59 2.380413529096854
60 2.3670251275432865
61 2.3824396273265873
62 2.396411517565979
63 2.414866713510004
64 2.446122791021817
65 2.501811280909454
66 2.5917153990881956
67 2.6188274274870342
68 2.58638696000233
69 2.516789285283182
70 2.489385230651605
71 2.4792761296482673
72 2.480471644535428
73 2.485983574714451
74 2.491418031985861
75 2.494962488522673
76 2.491263359294274
77 2.485249373393076
78 2.480763324719747
79 2.480097729004598
80 2.4882426730265785
81 2.5172965542355774
82 2.5855284511148064
83 2.617641393395267
84 2.5897614416745887
85 2.502027750668063
86 2.44543162135753
87 2.4156150781131407
88 2.393825735659473
89 2.3818709829794944
90 2.36774113525796
91 2.3797163797219416
92 2.4012410175223717
93 2.4345126298137156
94 2.490554718691707
95 2.5620922026305086
96 2.5781219531995996
97 2.529857492421165
98 2.485541253763843
99 2.4678695403185853
100 2.464949780121095
101 2.4699962447579584
102 2.487723851274726
103 2.5224223361617826
104 2.5835233695554733
105 2.6180390715739894
106 2.583680155964514
107 2.5220603502119467
108 2.487958546515791
109 2.4719678239058993
110 2.465148712979381
111 2.4682672435855495
112 2.485829158181549
113 2.529337102736407
114 2.57856933076798
115 2.5611026284697878
116 2.4898246380551305
117 2.4329185634270356
118 2.4017534536172547
119 2.3790627900743293
120 2.3683352419782846
