0 0.3136591308974463
1 0.3063673060836138
2 0.29979343870616776
3 0.2881991152316077
4 0.27251451357442535
5 0.24126301014990212
6 0.19173032198761872
7 0.17643497804714958
8 0.19730470373470807
9 0.23690907566973107
10 0.2524624094850164
11 0.2579089877965587
12 0.2578898071529259
13 0.25509843744268956
14 0.2510796168167183
15 0.2508588137260644
16 0.2512685057455693
17 0.2548191348886284
18 0.2573715462152212
19 0.25759930065421294
20 0.2521473092830292
21 0.23669801749001415
22 0.19701725267744621
23 0.1774358472367147
24 0.19237285731759324
25 0.24073043936112487
26 0.272564242443989
27 0.28935032559269713
28 0.29908677186401283
29 0.3068324578229577
30 0.31438585108455036
31 0.3071350344619035
32 0.29620340131675277
33 0.27699910254476184
34 0.24663194933682947
35 0.2066611919032008
36 0.1986414621333934
37 0.22594792975458955
38 0.2522925886261898
39 0.26285614403449004
40 0.26478145691567895
41 0.26191064424392535
42 0.25328235006271294
43 0.2342705052977074
44 0.20143643844367848
45 0.18203636908030563
46 0.20059558603425287
47 0.2348470810537872
48 0.25291102841847846
49 0.26163687331447966
50 0.264039052904323
51 0.2623861795340801
52 0.25251813457641803
53 0.2267263055578657
54 0.19839684618125625
55 0.2061765908709002
56 0.2454245380781634
57 0.27815899798710747
58 0.2960824515307497
59 0.307001764950344
60 0.314598048300674
61 0.30625329331628004
62 0.29952581724277055
63 0.2893584878426124
64 0.27251913114081394
65 0.24149892678291376
66 0.19156436851112932
67 0.17736582719769375
68 0.19694465221360116
69 0.23612020422849722
70 0.25186364730236804
71 0.2581811051991938
72 0.2579433333109541
73 0.2547611460807941
74 0.25213188979450174
75 0.25041416092922497
76 0.2520125657438948
77 0.2552542010437775
78 0.25722649070751874
79 0.2577433809696957
80 0.2527851002414831
81 0.23547783377520193
82 0.1976121620614504
83 0.17724374317736735
84 0.19245847100081528
85 0.24114927712525772
86 0.27286134787279687
87 0.28890493983019855
88 0.3000800193461152
89 0.306669881173705
90 0.31360341805480924
91 0.3078278221071071
92 0.2958512489285663
93 0.2773972540821238
94 0.2460852954381437
95 0.20625311192986848
96 0.19862786849015837
97 0.22642147296431936
98 0.25237038004881984
99 0.2627243527549121
100 0.2648502993403052
101 0.26262008903950784
102 0.25301945178158286
103 0.23428608261682168
104 0.20058352502264556
105 0.1818515393576091
106 0.2009131319416921
107 0.23434695278328
108 0.25269497761619764
109 0.2615715493338539
110 0.2645417807494307
111 0.26309799983159965
112 0.25231471375747055
113 0.22731123435770179
114 0.19820765572493562
115 0.2067615553368372
116 0.2465653606005468
117 0.27844451805339493
118 0.29572174144630436
119 0.3078983830047658
120 0.3133770173831439
