0 1.2672087328891254e-6
1 1.2541695126080845e-6
2 1.2414039915310745e-6
3 1.228913683790255e-6
4 1.2167000462560135e-6
5 1.2047644800629585e-6
6 1.19310833210658e-6
7 1.1817328965098204e-6
8 1.1706394160588272e-6
9 1.1598290836072392e-6
10 1.1493030434483585e-6
11 1.1390623926546815e-6
12 1.129108182384227e-6
13 1.1194414191532128e-6
14 1.1100630660746124e-6
15 1.1009740440622182e-6
16 1.0921752329998183e-6
17 1.0836674728751683e-6
18 1.07545156487846e-6
19 1.0675282724650001e-6
20 1.0598983223818618e-6
21 1.0525624056582954e-6
22 1.0455211785596907e-6
23 1.038775263504919e-6
24 1.0323252499469117e-6
25 1.02617169521632e-6
26 1.0203151253281576e-6
27 1.0147560357513054e-6
28 1.0094948921408005e-6
29 1.0045321310328292e-6
30 9.99868160502356e-7
31 9.955033607833373e-7
32 9.91438084851473e-7
33 9.87672658969455e-7
34 9.842073831946903e-7
35 9.810425318494593e-7
36 9.781783539535096e-7
37 9.756150736190506e-7
38 9.733528904081467e-7
39 9.713919796525124e-7
40 9.697324927356718e-7
41 9.68374557337519e-7
42 9.673182776412437e-7
43 9.665637345026375e-7
44 9.66110985581779e-7
45 9.659600654370921e-7
46 9.66110985581779e-7
47 9.665637345026375e-7
48 9.673182776412437e-7
49 9.68374557337519e-7
50 9.697324927356718e-7
51 9.713919796525124e-7
52 9.733528904081467e-7
53 9.756150736190506e-7
54 9.781783539535096e-7
55 9.810425318494593e-7
56 9.842073831946903e-7
57 9.87672658969455e-7
58 9.91438084851473e-7
59 9.955033607833373e-7
60 9.99868160502356e-7
61 1.0045321310328292e-6
62 1.0094948921408005e-6
63 1.0147560357513054e-6
64 1.0203151253281576e-6
65 1.02617169521632e-6
66 1.0323252499469117e-6
67 1.038775263504919e-6
68 1.0455211785596907e-6
69 1.0525624056582954e-6
70 1.0598983223818618e-6
71 1.0675282724650001e-6
72 1.07545156487846e-6
73 1.0836674728751683e-6
74 1.0921752329998183e-6
75 1.1009740440622182e-6
76 1.1100630660746124e-6
77 1.1194414191532128e-6
78 1.129108182384227e-6
79 1.1390623926546815e-6
80 1.1493030434483585e-6
81 1.1598290836072392e-6
82 1.1706394160588272e-6
83 1.1817328965098204e-6
84 1.19310833210658e-6
85 1.2047644800629585e-6
86 1.2167000462560135e-6
87 1.228913683790255e-6
88 1.2414039915310745e-6
89 1.2541695126080845e-6
90 1.2672087328891254e-6
91 1.2805200794257977e-6
92 1.2941019188713883e-6
93 1.307952555872162e-6
94 1.3220702314330311e-6
95 1.3364531212587077e-6
96 1.3510993340714864e-6
97 1.3660069099069179e-6
98 1.3811738183886684e-6
99 1.3965979569839858e-6
100 1.4122771492412411e-6
101 1.4282091430111145e-6
102 1.4443916086530973e-6
103 1.4608221372290443e-6
104 1.477498238685643e-6
105 1.494417340027726e-6
106 1.51157678348448e-6
107 1.528973824670713e-6
108 1.546605630745404e-6
109 1.564469278569934e-6
110 1.5825617528684424e-6
111 1.6008799443929082e-6
112 1.6194206480956614e-6
113 1.6381805613121193e-6
114 1.657156281956712e-6
115 1.676344306735022e-6
116 1.6957410293753345e-6
117 1.7153427388828696e-6
118 1.735145617820141e-6
119 1.7551457406169564e-6
120 1.7753390719137295e-6
121 1.7957214649418883e-6
122 1.8162886599452838e-6
123 1.8370362826466127e-6
124 1.8579598427630111e-6
125 1.879054732575064e-6
126 1.9003162255536207e-6
127 1.921739475048876e-6
128 1.943319513046334e-6
129 1.9650512489943394e-6
130 1.9869294687079647e-6
131 2.0089488333541648e-6
132 2.031103878523155e-6
133 2.0533890133910895e-6
134 2.0757985199791814e-6
135 2.098326552514452e-6
136 2.1209671368973983e-6
137 2.1437141702818835e-6
138 2.166561420772615e-6
139 2.1895025272456026e-6
140 2.2125309992970023e-6
141 2.235640217325778e-6
142 2.258823432755586e-6
143 2.2820737684012965e-6
144 2.305384218985509e-6
145 2.3287476518103856e-6
146 2.3521568075900946e-6
147 1.0e-20
148 1.0e-20
149 1.0e-20
150 1.0e-20
151 1.0e-20
152 1.0e-20
153 1.0e-20
154 1.0e-20
155 1.0e-20
156 1.0e-20
157 1.0e-20
158 1.0e-20
159 1.0e-20
160 1.0e-20
161 1.0e-20
162 1.0e-20
163 1.0e-20
164 1.0e-20
165 1.0e-20
166 1.0e-20
167 1.0e-20
168 1.0e-20
169 1.0e-20
170 1.0e-20
171 1.0e-20
172 1.0e-20
173 1.0e-20
174 1.0e-20
175 1.0e-20
176 1.0e-20
177 1.0e-20
178 1.0e-20
179 1.0e-20
180 1.0e-20
181 1.0e-20
182 1.0e-20
183 1.0e-20
184 1.0e-20
185 1.0e-20
186 1.0e-20
187 1.0e-20
188 1.0e-20
189 1.0e-20
190 1.0e-20
191 1.0e-20
192 1.0e-20
193 1.0e-20
194 1.0e-20
195 1.0e-20
196 1.0e-20
197 1.0e-20
198 1.0e-20
199 1.0e-20
200 1.0e-20
201 1.0e-20
202 1.0e-20
203 1.0e-20
204 1.0e-20
205 1.0e-20
206 1.0e-20
207 1.0e-20
208 1.0e-20
209 1.0e-20
210 1.0e-20
211 1.0e-20
212 1.0e-20
213 1.0e-20
214 1.0e-20
215 1.0e-20
216 1.0e-20
217 1.0e-20
218 1.0e-20
219 1.0e-20
220 1.0e-20
221 1.0e-20
222 1.0e-20
223 1.0e-20
224 1.0e-20
225 1.0e-20
226 1.0e-20
227 1.0e-20
228 1.0e-20
229 1.0e-20
230 1.0e-20
231 1.0e-20
232 1.0e-20
233 1.0e-20
234 1.0e-20
235 1.0e-20
236 1.0e-20
237 1.0e-20
238 1.0e-20
239 1.0e-20
240 1.0e-20
241 1.0e-20
242 1.0e-20
243 1.0e-20
244 1.0e-20
245 1.0e-20
246 1.0e-20
247 1.0e-20
248 1.0e-20
249 1.0e-20
250 1.0e-20
251 1.0e-20
252 1.0e-20
253 1.0e-20
254 1.0e-20
255 1.0e-20
256 1.0e-20
257 1.0e-20
258 1.0e-20
259 1.0e-20
260 1.0e-20
261 1.0e-20
262 1.0e-20
263 1.0e-20
264 1.0e-20
265 1.0e-20
266 1.0e-20
267 1.0e-20
268 1.0e-20
269 1.0e-20
270 1.0e-20
271 1.0e-20
272 1.0e-20
273 1.0e-20
274 1.0e-20
275 1.0e-20
276 1.0e-20
277 1.0e-20
278 1.0e-20
279 1.0e-20
280 1.0e-20
281 1.0e-20
282 1.0e-20
283 1.0e-20
284 1.0e-20
285 1.0e-20
286 1.0e-20
287 1.0e-20
288 1.0e-20
289 1.0e-20
290 1.0e-20
291 1.0e-20
292 1.0e-20
293 1.0e-20
294 1.0e-20
295 1.0e-20
296 1.0e-20
297 1.0e-20
298 1.0e-20
299 1.0e-20
300 1.0e-20
301 1.0e-20
302 1.0e-20
303 1.0e-20
304 2.3521568075900946e-6
305 2.3287476518103856e-6
306 2.305384218985509e-6
307 2.2820737684012965e-6
308 2.258823432755586e-6
309 2.235640217325778e-6
310 2.2125309992970023e-6
311 2.1895025272456026e-6
312 2.166561420772615e-6
313 2.1437141702818835e-6
314 2.1209671368973983e-6
315 2.098326552514452e-6
316 2.0757985199791814e-6
317 2.0533890133910895e-6
318 2.031103878523155e-6
319 2.0089488333541648e-6
320 1.9869294687079647e-6
321 1.9650512489943394e-6
322 1.943319513046334e-6
323 1.921739475048876e-6
324 1.9003162255536207e-6
325 1.879054732575064e-6
326 1.8579598427630111e-6
327 1.8370362826466127e-6
328 1.8162886599452838e-6
329 1.7957214649418883e-6
330 1.7753390719137295e-6
331 1.7551457406169564e-6
332 1.735145617820141e-6
333 1.7153427388828696e-6
334 1.6957410293753345e-6
335 1.676344306735022e-6
336 1.657156281956712e-6
337 1.6381805613121193e-6
338 1.6194206480956614e-6
339 1.6008799443929082e-6
340 1.5825617528684424e-6
341 1.564469278569934e-6
342 1.546605630745404e-6
343 1.528973824670713e-6
344 1.51157678348448e-6
345 1.494417340027726e-6
346 1.477498238685643e-6
347 1.4608221372290443e-6
348 1.4443916086530973e-6
349 1.4282091430111145e-6
350 1.4122771492412411e-6
351 1.3965979569839858e-6
352 1.3811738183886684e-6
353 1.3660069099069179e-6
354 1.3510993340714864e-6
355 1.3364531212587077e-6
356 1.3220702314330311e-6
357 1.307952555872162e-6
358 1.2941019188713883e-6
359 1.2805200794257977e-6
360 1.2672087328891254e-6
